 &SRS
 SRSRUN=387091,SRSDAT=2013117,SRSTIM=9128,
 SRSSTN='BASE',SRSPRJ='GDA_BASE',SRSEXP='Emulator',
 SRSTLE='                                                            ',
 SRSCN1='        ',SRSCN2='        ',SRSCN3='        ',
<MetaDataAtStart>
cmd='scancn eta 0.01 61 BeamOK pil100k 1 roi1'
date='Sat Dec  7 21:12:03 2013'
x=10.0000
y=0.0000
z=0.0000
Year=2013
Month=12
Day= 7
Hours=21
Minutes=12
Seconds= 3
delta=38.24109
eta=19.1205
chi= 41.09686
phi= 175.27096
gam=0.00000
mu= 0.00000
h=0.0025
k=1.0012
l=-0.9957
psi=42.223
Energy=2.8391
kphi=193.6
azih=0
azik=0
azil=1
h=0.0025
k=1.0012
l=-0.9957
beta=21.4162
delta_axis_offset=  9.2
kphi=193.6
kap=-54.54160
kth=37.45330
kmu=    0
kdelta=38.241
kgam=    0
UB11=0.03348
UB12=-0.04519
UB13=0.06781
UB21=0.04046
UB22=-0.04973
UB23=-0.05926
UB31=0.10787
UB32=0.09939
UB33=0.00118
a=9.62465
b=9.62465
c=11.10390
alpha1=90.00000
alpha2=90.00000
alpha3=120.00000
rc=301.0415
idgap=5.8666
Uharmonic=3
s5xgap=  0.5
s5xtrans=-0.0005
s5ygap=  0.5
s5ytrans=5e-05
s6xgap=    4
s6xtrans=-0.0002
s6ygap=4.0002
s6ytrans=0.00015
stoke=0.000
tthp=65.675
thp=40.5691
zp=-14.480
ppth=0.34602
ppx=22.020
ppy=8.008
ppchi=0.000
sx=-0.50077
sy=-0.6532
sz=5.282
sperp=0.6923
spara=0.4452
base_y= 1.68
Base_z=8.457
Base_z1=9.977
Base_z2=8.087
Base_z3=8.457
table_horiz=12.260
table_vert=1.756
Atten=0
Transmission=1
diode_gain=2
ic1_gain=2
ic2_gain=3
m1pitch=3.9602
m1x=-0.3394
m1y=5.6025
m1roll=-0.080861
m1yaw=0.34662
m1piezo=0.000
m2pitch= 3.96
m2x= 12.5
m2y=10.898
m2roll=0.43495
m2yaw=0.095673
m2bender=  365
m3x=-0.000
m4x=1.954
m3pitch=0.400
m4pitch=0.400
s1xcentre=0.802
s1xgap=0.248
s1ycentre=-0.0995
s1ygap=1.001
s2xcentre=0.96679
s2xgap=9.9981
s2ycentre=0.387
s2ygap=   26
s3xcentre=-1.645
s3xgap=24.995
s3ycentre=-1.6752
s3ygap=21.197
s4xcentre=12.999
s4xgap=24.998
s4ycentre=1.3895
s4ygap=25.004
Energy=2.8391
bragg=-43.861
dcmpitch=-10.335
dcmfinepitch=0.010263
perp=40.765
dcmlat=27.995
dcmroll1=19.944
dcmroll2=18.717
T1dcmSi111=117.10
T2dcmSi111=11.70
Tset=25.00
Ta=24.938000
Tb=190.182000
Tc=42.442000
Td=3.150000
m1y_offset=-14.586
m2y_offset=-20.29
base_z_offset=-11.731
ztable_offset=-18.433
m2_coating_offset=   11
idgap_offset=0.51871
p2x1=   60
p2y1= -102
p2ztop=-767.89
p2zbot= -800
p2rot=24.656
pilatus100k_path_template='387091-pilatus100k-files/%05d.tif'
</MetaDataAtStart>
 &END
eta	beamOK	TimeSec	ic1monitor	rc	Ta	Tb	Tc	Td	t	path	maxx	maxy	maxval	sum	roi1_maxx	roi1_maxy	roi1_maxval	roi1_sum
18.8205	1	789260.918	2963.701234	301.0094	25.220000	190.184000	42.930000	3.150000	1.000000	1	385	0	1.000000	-629.000000	1	7	1.000000	0.000000
18.8305	1	789262.491	2965.838247	300.9998	25.328000	190.185000	42.979000	3.150000	1.000000	2	245	111	2.000000	-597.000000	3	11	2.000000	2.000000
18.8405	1	789264.012	2966.479383	300.9942	25.328000	190.185000	42.979000	3.150000	1.000000	3	471	1	1.000000	-600.000000	2	3	1.000000	3.000000
18.8505	1	789265.580	2965.502444	300.9839	25.423000	190.187000	43.238000	3.150000	1.000000	4	76	101	2.000000	-615.000000	8	1	1.000000	4.000000
18.8605	1	789267.120	2964.494991	300.9763	25.448000	190.188000	43.158000	3.150000	1.000000	5	21	118	2.000000	-630.000000	4	1	1.000000	6.000000
18.8705	1	789268.685	2965.868808	300.9670	25.467000	190.188000	43.148000	3.150000	1.000000	6	30	98	2.000000	-612.000000	3	6	1.000000	2.000000
18.8805	1	789270.254	2966.051943	300.9577	25.491000	190.190000	43.148000	3.150000	1.000000	7	379	35	2.000000	-593.000000	7	3	1.000000	2.000000
18.8905	1	789271.790	2966.845701	300.9490	25.488000	190.190000	43.159000	3.150000	1.000000	8	243	106	2.000000	-584.000000	1	6	2.000000	6.000000
18.9005	1	789273.357	2965.960353	300.9428	25.480000	190.191000	43.137000	3.150000	1.000000	9	480	40	2.000000	-599.000000	2	1	1.000000	3.000000
18.9105	1	789274.924	2965.502444	300.9321	25.480000	190.191000	43.137000	3.150000	1.000000	10	458	18	2.000000	-600.000000	5	3	1.000000	13.000000
18.9205	1	789276.516	2966.113020	300.9216	25.435000	190.194000	43.320000	3.150000	1.000000	11	246	113	2.000000	-569.000000	4	13	2.000000	15.000000
18.9305	1	789278.088	2965.746656	300.9106	25.421000	190.194000	43.219000	3.150000	1.000000	12	240	112	2.000000	-583.000000	1	1	1.000000	11.000000
18.9405	1	789279.659	2965.380339	300.9007	25.421000	190.194000	43.219000	3.150000	1.000000	13	6	8	2.000000	-577.000000	4	5	1.000000	12.000000
18.9505	1	789281.232	2964.952945	300.8938	25.369000	190.196000	43.230000	3.150000	1.000000	14	245	107	2.000000	-600.000000	3	7	2.000000	20.000000
18.9605	1	789282.814	2964.678173	300.8849	25.359000	190.198000	43.107000	3.150000	1.000000	15	242	104	2.000000	-562.000000	0	4	2.000000	22.000000
18.9705	1	789284.327	2965.380339	300.8783	25.359000	190.198000	43.107000	3.150000	1.000000	16	245	106	4.000000	-578.000000	3	6	4.000000	24.000000
18.9805	1	789286.037	2965.380339	300.8711	25.325000	190.200000	43.221000	3.150000	1.000000	17	250	104	2.000000	-548.000000	8	4	2.000000	36.000000
18.9905	1	789287.610	2965.227672	300.8614	25.313000	190.201000	43.234000	3.150000	1.000000	18	241	115	3.000000	-547.000000	5	7	2.000000	38.000000
19.0005	1	789289.152	2964.861354	300.8544	25.313000	190.201000	43.234000	3.150000	1.000000	19	247	98	2.000000	-540.000000	3	4	2.000000	37.000000
19.0105	1	789290.722	2964.922384	300.8462	25.287000	190.203000	43.126000	3.150000	1.000000	20	248	109	4.000000	-525.000000	6	9	4.000000	53.000000
19.0205	1	789292.319	2965.288748	300.8362	25.276000	190.205000	43.018000	3.150000	1.000000	21	245	109	4.000000	-491.000000	3	9	4.000000	71.000000
19.0305	1	789293.932	2965.990914	300.8286	25.276000	190.205000	42.838000	3.150000	1.000000	22	249	110	5.000000	-448.000000	7	10	5.000000	109.000000
19.0405	1	789295.526	2964.311809	300.8214	25.260000	190.207000	42.872000	3.150000	1.000000	23	247	112	5.000000	-466.000000	5	12	5.000000	124.000000
19.0505	1	789297.208	2964.586582	300.8085	25.251000	190.207000	42.935000	3.150000	1.000000	24	245	109	8.000000	-368.000000	3	9	8.000000	167.000000
19.0605	1	789298.792	2965.380339	300.8007	25.243000	190.208000	42.940000	3.150000	1.000000	25	246	108	8.000000	-338.000000	4	8	8.000000	213.000000
19.0705	1	789300.388	2964.861354	300.7913	25.220000	190.210000	42.940000	3.150000	1.000000	26	245	109	12.000000	-238.000000	3	9	12.000000	287.000000
19.0805	1	789301.960	2964.708687	300.7830	25.210000	190.210000	42.722000	3.150000	1.000000	27	247	109	16.000000	-168.000000	5	9	16.000000	374.000000
19.0905	1	789303.535	2964.830793	300.7732	25.204000	190.211000	42.689000	3.150000	1.000000	28	248	109	38.000000	9.000000	6	9	38.000000	584.000000
19.1005	1	789305.047	2964.403400	300.7652	25.191000	190.211000	42.689000	3.150000	1.000000	29	248	108	36.000000	242.000000	6	8	36.000000	800.000000
19.1105	1	789306.620	2964.098112	300.7550	25.189000	190.213000	43.028000	3.150000	1.000000	30	248	109	111.000000	696.000000	6	9	111.000000	1261.000000
19.1205	1	789308.137	2964.678173	300.7506	25.188000	190.213000	43.055000	3.150000	1.000000	31	248	108	197.000000	1170.000000	6	8	197.000000	1717.000000
19.1305	1	789309.710	2964.128627	300.7427	25.188000	190.213000	43.055000	3.150000	1.000000	32	249	108	134.000000	972.000000	7	8	134.000000	1534.000000
19.1405	1	789311.263	2963.701234	300.7319	25.188000	190.214000	43.157000	3.150000	1.000000	33	249	107	66.000000	516.000000	7	7	66.000000	1061.000000
19.1505	1	789312.832	2963.670719	300.7270	25.190000	190.215000	43.196000	3.150000	1.000000	34	249	109	30.000000	138.000000	7	9	30.000000	696.000000
19.1605	1	789314.402	2963.945492	300.7149	25.190000	190.215000	43.196000	3.150000	1.000000	35	250	108	16.000000	-107.000000	8	8	16.000000	474.000000
19.1705	1	789315.997	2963.731795	300.7078	25.199000	190.216000	42.985000	3.150000	1.000000	36	248	109	13.000000	-221.000000	6	9	13.000000	351.000000
19.1805	1	789317.594	2964.739202	300.7006	25.199000	190.216000	42.972000	3.150000	1.000000	37	250	109	12.000000	-305.000000	8	9	12.000000	271.000000
19.1905	1	789319.167	2963.426507	300.6912	25.199000	190.216000	42.972000	3.150000	1.000000	38	249	106	8.000000	-342.000000	7	6	8.000000	210.000000
19.2005	1	789320.685	2963.701234	300.6818	25.196000	190.217000	42.902000	3.150000	1.000000	39	252	107	5.000000	-427.000000	10	7	5.000000	146.000000
19.2105	1	789322.257	2964.250779	300.6731	25.194000	190.217000	43.126000	3.150000	1.000000	40	254	104	4.000000	-455.000000	12	4	4.000000	117.000000
19.2205	1	789323.791	2963.945492	300.6605	25.194000	190.217000	43.241000	3.150000	1.000000	41	255	102	3.000000	-496.000000	11	6	3.000000	81.000000
19.2305	1	789325.365	2963.121220	300.6516	25.190000	190.217000	42.964000	3.150000	1.000000	42	257	102	4.000000	-527.000000	5	9	4.000000	71.000000
19.2405	1	789326.906	2964.433915	300.6403	25.188000	190.217000	42.895000	3.150000	1.000000	43	249	108	4.000000	-549.000000	7	8	4.000000	58.000000
19.2505	1	789328.481	2963.609643	300.6310	25.186000	190.217000	42.825000	3.150000	1.000000	44	256	111	3.000000	-523.000000	9	12	3.000000	45.000000
19.2605	1	789329.994	2964.250779	300.6212	25.186000	190.217000	42.825000	3.150000	1.000000	45	249	112	3.000000	-567.000000	7	12	3.000000	36.000000
19.2705	1	789331.584	2963.548613	300.6117	25.170000	190.217000	42.930000	3.150000	1.000000	46	259	100	2.000000	-567.000000	11	11	2.000000	29.000000
19.2805	1	789333.158	2964.220218	300.6030	25.164000	190.216000	42.864000	3.150000	1.000000	47	247	101	2.000000	-561.000000	5	1	2.000000	36.000000
19.2905	1	789334.679	2964.250779	300.5909	25.164000	190.216000	42.864000	3.150000	1.000000	48	248	100	2.000000	-577.000000	6	0	2.000000	30.000000
19.3005	1	789336.293	2964.922384	300.5808	25.148000	190.215000	42.931000	3.150000	1.000000	49	247	103	2.000000	-614.000000	5	3	2.000000	15.000000
19.3105	1	789337.883	2964.159188	300.5704	25.147000	190.215000	42.726000	3.150000	1.000000	50	279	96	2.000000	-573.000000	6	8	2.000000	19.000000
19.3205	1	789339.452	2963.518052	300.5589	25.147000	190.215000	42.726000	3.150000	1.000000	51	249	113	2.000000	-590.000000	7	13	2.000000	14.000000
19.3305	1	789340.967	2963.365431	300.5521	25.145000	190.214000	42.768000	3.150000	1.000000	52	407	115	2.000000	-606.000000	7	4	1.000000	6.000000
19.3405	1	789342.537	2963.914930	300.5403	25.138000	190.213000	42.738000	3.150000	1.000000	53	362	21	2.000000	-590.000000	5	0	1.000000	9.000000
19.3505	1	789344.073	2963.273840	300.5327	25.138000	190.213000	42.738000	3.150000	1.000000	54	42	1	1.000000	-604.000000	1	0	1.000000	13.000000
19.3605	1	789345.644	2962.052690	300.5208	25.129000	190.212000	42.999000	3.150000	1.000000	55	447	72	2.000000	-604.000000	5	0	1.000000	5.000000
19.3705	1	789347.213	2963.518052	300.5113	25.124000	190.212000	42.833000	3.150000	1.000000	56	249	98	2.000000	-608.000000	5	2	1.000000	6.000000
19.3805	1	789348.799	2962.449569	300.5078	25.121000	190.212000	42.738000	3.150000	1.000000	57	399	97	2.000000	-604.000000	0	0	1.000000	12.000000
19.3905	1	789350.380	2962.999068	300.4984	25.116000	190.211000	42.807000	3.150000	1.000000	58	221	0	1.000000	-631.000000	12	2	1.000000	2.000000
19.4005	1	789351.953	2963.762310	300.4879	25.116000	190.210000	42.465000	3.150000	1.000000	59	486	90	3.000000	-601.000000	6	0	1.000000	2.000000
19.4105	1	789353.494	2962.632750	300.4787	25.117000	190.210000	42.708000	3.150000	1.000000	60	378	1	1.000000	-633.000000	1	1	1.000000	4.000000
19.4205	1	789355.065	2963.060144	300.4679	25.114000	190.210000	42.708000	3.150000	1.000000	61	483	142	2.000000	-629.000000	6	6	1.000000	1.000000
