 &SRS
 SRSRUN=387294,SRSDAT=2013118,SRSTIM=43716,
 SRSSTN='BASE',SRSPRJ='GDA_BASE',SRSEXP='Emulator',
 SRSTLE='                                                            ',
 SRSCN1='        ',SRSCN2='        ',SRSCN3='        ',
<MetaDataAtStart>
cmd='scancn eta 0.01 61 BeamOK pil100k 1 roi1'
date='Sun Dec  8 04:37:14 2013'
x=10.0000
y=0.0000
z=0.0000
Year=2013
Month=12
Day= 8
Hours= 4
Minutes=37
Seconds=14
delta=68.05810
eta=34.0291
chi= 56.84268
phi= 90.43627
gam=0.00000
mu= 0.00000
h=1.9988
k=0.0013
l=-1.0019
psi=143.04
Energy=2.8391
kphi=117.44
azih=0
azik=0
azil=1
h=1.9988
k=0.0013
l=-1.0019
beta=-54.7672
delta_axis_offset=  9.2
kphi=117.44
kap=-76.82386
kth=61.03632
kmu=    0
kdelta=68.058
kgam=    0
UB11=0.03348
UB12=-0.04519
UB13=0.06781
UB21=0.04046
UB22=-0.04973
UB23=-0.05926
UB31=0.10787
UB32=0.09939
UB33=0.00118
a=9.62465
b=9.62465
c=11.10390
alpha1=90.00000
alpha2=90.00000
alpha3=120.00000
rc=299.2141
idgap=5.8666
Uharmonic=3
s5xgap=  0.5
s5xtrans=-0.0005
s5ygap=  0.5
s5ytrans=5e-05
s6xgap=    4
s6xtrans=-0.0002
s6ygap=4.0002
s6ytrans=0.00015
stoke=0.000
tthp=65.675
thp=40.5691
zp=-14.480
ppth=0.35702
ppx=22.020
ppy=8.008
ppchi=0.000
sx=-0.50077
sy=-0.6532
sz=5.282
sperp=0.5057
spara=-0.6494
base_y= 1.68
Base_z=8.457
Base_z1=9.977
Base_z2=8.087
Base_z3=8.457
table_horiz=12.260
table_vert=1.756
Atten=0
Transmission=1
diode_gain=2
ic1_gain=2
ic2_gain=3
m1pitch=3.9602
m1x=-0.3394
m1y=5.6025
m1roll=-0.080861
m1yaw=0.34662
m1piezo=0.000
m2pitch= 3.96
m2x= 12.5
m2y=10.898
m2roll=0.43495
m2yaw=0.095673
m2bender=  365
m3x=-0.000
m4x=1.954
m3pitch=0.400
m4pitch=0.400
s1xcentre=0.802
s1xgap=0.248
s1ycentre=-0.0995
s1ygap=1.001
s2xcentre=0.96679
s2xgap=9.9981
s2ycentre=0.387
s2ygap=   26
s3xcentre=-1.645
s3xgap=24.995
s3ycentre=-1.6752
s3ygap=21.197
s4xcentre=12.999
s4xgap=24.998
s4ycentre=1.3895
s4ygap=25.004
Energy=2.8391
bragg=-43.861
dcmpitch=-10.337
dcmfinepitch=0.051316
perp=40.765
dcmlat=27.995
dcmroll1=19.942
dcmroll2=18.719
T1dcmSi111=116.92
T2dcmSi111=11.71
Tset=94.00
Ta=93.999000
Tb=210.536000
Tc=100.632000
Td=3.150000
m1y_offset=-14.586
m2y_offset=-20.29
base_z_offset=-11.731
ztable_offset=-18.433
m2_coating_offset=   11
idgap_offset=0.51871
p2x1=   60
p2y1= -102
p2ztop=-767.89
p2zbot= -800
p2rot=24.656
pilatus100k_path_template='387294-pilatus100k-files/%05d.tif'
</MetaDataAtStart>
 &END
eta	beamOK	TimeSec	ic1monitor	rc	Ta	Tb	Tc	Td	t	path	maxx	maxy	maxval	sum	roi1_maxx	roi1_maxy	roi1_maxval	roi1_sum
33.7291	1	815968.532	2964.403400	299.1990	93.999000	210.536000	100.632000	3.150000	1.000000	1	353	3	1.000000	-638.000000	0	0	0.000000	-2.000000
33.7391	1	815970.101	2964.128627	299.1929	93.979000	210.541000	100.807000	3.150000	1.000000	2	222	0	1.000000	-656.000000	0	0	0.000000	-2.000000
33.7491	1	815971.663	2963.701234	299.1803	93.977000	210.545000	100.760000	3.150000	1.000000	3	382	1	1.000000	-653.000000	0	0	0.000000	-2.000000
33.7591	1	815973.231	2963.121220	299.1703	93.977000	210.545000	100.760000	3.150000	1.000000	4	313	0	1.000000	-651.000000	0	0	0.000000	-2.000000
33.7691	1	815974.797	2963.395946	299.1577	93.975000	210.550000	100.658000	3.150000	1.000000	5	318	1	1.000000	-658.000000	5	2	1.000000	-1.000000
33.7791	1	815976.392	2963.548613	299.1496	93.975000	210.554000	100.877000	3.150000	1.000000	6	385	2	1.000000	-667.000000	0	0	0.000000	-2.000000
33.7891	1	815977.958	2963.273840	299.1417	93.975000	210.554000	100.877000	3.150000	1.000000	7	272	2	1.000000	-679.000000	0	0	0.000000	-2.000000
33.7991	1	815979.487	2963.243326	299.1305	93.976000	210.558000	100.863000	3.150000	1.000000	8	434	145	2.000000	-639.000000	0	0	0.000000	-2.000000
33.8091	1	815981.072	2962.541159	299.1234	93.978000	210.560000	100.868000	3.150000	1.000000	9	69	0	1.000000	-662.000000	0	0	0.000000	-2.000000
33.8191	1	815982.682	2963.212764	299.1127	93.978000	210.562000	100.781000	3.150000	1.000000	10	478	56	2.000000	-662.000000	0	0	0.000000	-2.000000
33.8291	1	815984.249	2962.876962	299.1026	93.981000	210.566000	100.800000	3.150000	1.000000	11	328	0	1.000000	-669.000000	0	0	0.000000	-2.000000
33.8391	1	815985.810	2963.060144	299.0904	93.983000	210.568000	100.750000	3.150000	1.000000	12	230	0	1.000000	-662.000000	0	0	0.000000	-2.000000
33.8491	1	815987.392	2962.876962	299.0810	93.984000	210.570000	100.869000	3.150000	1.000000	13	354	113	2.000000	-653.000000	0	0	0.000000	-2.000000
33.8591	1	815989.091	2963.334917	299.0707	93.987000	210.574000	100.927000	3.150000	1.000000	14	143	1	1.000000	-686.000000	0	0	0.000000	-2.000000
33.8691	1	815990.661	2963.060144	299.0610	93.988000	210.576000	100.937000	3.150000	1.000000	15	144	9	2.000000	-653.000000	8	11	1.000000	-1.000000
33.8791	1	815992.236	2963.060144	299.0529	93.990000	210.578000	100.937000	3.150000	1.000000	16	478	105	2.000000	-663.000000	0	0	0.000000	-2.000000
33.8891	1	815993.819	2961.991614	299.0440	93.990000	210.578000	100.937000	3.150000	1.000000	17	477	1	1.000000	-679.000000	0	0	0.000000	-2.000000
33.8991	1	815995.382	2963.853901	299.0379	93.995000	210.583000	100.805000	3.150000	1.000000	18	164	3	1.000000	-672.000000	0	0	0.000000	-2.000000
33.9091	1	815996.913	2963.243326	299.0294	93.996000	210.584000	100.810000	3.150000	1.000000	19	192	1	1.000000	-664.000000	0	0	0.000000	-2.000000
33.9191	1	815998.479	2962.846447	299.0227	93.996000	210.584000	100.810000	3.150000	1.000000	20	248	83	2.000000	-670.000000	2	9	1.000000	-1.000000
33.9291	1	816000.048	2963.029629	299.0118	94.001000	210.588000	100.941000	3.150000	1.000000	21	1	77	2.000000	-690.000000	3	7	1.000000	-1.000000
33.9391	1	816001.616	2962.571674	299.0055	94.002000	210.590000	101.037000	3.150000	1.000000	22	470	91	2.000000	-667.000000	0	0	0.000000	-2.000000
33.9491	1	816003.183	2961.900069	298.9979	94.002000	210.590000	101.037000	3.150000	1.000000	23	269	168	2.000000	-665.000000	0	0	0.000000	-2.000000
33.9591	1	816004.776	2962.266387	298.9891	94.006000	210.594000	100.804000	3.150000	1.000000	24	458	0	1.000000	-663.000000	0	0	0.000000	-2.000000
33.9691	1	816006.341	2962.144281	298.9784	94.008000	210.596000	100.780000	3.150000	1.000000	25	161	0	1.000000	-668.000000	0	0	0.000000	-2.000000
33.9791	1	816007.994	2962.938038	298.9684	94.008000	210.596000	100.780000	3.150000	1.000000	26	351	1	1.000000	-669.000000	0	0	0.000000	-2.000000
33.9891	1	816009.549	2962.907477	298.9611	94.011000	210.599000	100.869000	3.150000	1.000000	27	452	76	2.000000	-687.000000	0	0	0.000000	-2.000000
33.9991	1	816011.197	2962.419054	298.9494	94.013000	210.601000	100.850000	3.150000	1.000000	28	407	0	1.000000	-669.000000	0	0	0.000000	-2.000000
34.0091	1	816012.763	2962.449569	298.9427	94.013000	210.602000	100.939000	3.150000	1.000000	29	138	0	1.000000	-633.000000	5	1	1.000000	2.000000
34.0191	1	816014.347	2962.815932	298.9337	94.014000	210.605000	100.969000	3.150000	1.000000	30	246	106	2.000000	-654.000000	4	6	2.000000	5.000000
34.0291	1	816015.992	2962.022175	298.9248	94.015000	210.606000	100.928000	3.150000	1.000000	31	460	0	1.000000	-669.000000	0	0	0.000000	-2.000000
34.0391	1	816017.557	2961.808479	298.9172	94.017000	210.607000	100.806000	3.150000	1.000000	32	53	0	1.000000	-641.000000	9	2	1.000000	0.000000
34.0491	1	816019.126	2962.083205	298.9108	94.021000	210.610000	100.718000	3.150000	1.000000	33	477	62	2.000000	-641.000000	0	0	0.000000	-2.000000
34.0591	1	816020.698	2962.785371	298.9023	94.023000	210.611000	100.822000	3.150000	1.000000	34	336	0	1.000000	-661.000000	6	7	1.000000	-1.000000
34.0691	1	816022.266	2962.144281	298.8952	94.023000	210.612000	100.873000	3.150000	1.000000	35	460	0	1.000000	-662.000000	11	6	1.000000	-1.000000
34.0791	1	816023.840	2963.365431	298.8867	94.024000	210.612000	100.873000	3.150000	1.000000	36	326	99	2.000000	-658.000000	9	2	1.000000	-1.000000
34.0891	1	816025.434	2961.716888	298.8786	94.025000	210.616000	101.042000	3.150000	1.000000	37	443	15	2.000000	-660.000000	8	1	1.000000	-1.000000
34.0991	1	816027.040	2961.167342	298.8723	94.025000	210.616000	100.901000	3.150000	1.000000	38	312	132	2.000000	-669.000000	0	0	0.000000	-2.000000
34.1091	1	816028.610	2961.320009	298.8599	94.025000	210.616000	100.901000	3.150000	1.000000	39	52	13	2.000000	-657.000000	0	0	0.000000	-2.000000
34.1191	1	816030.180	2961.716888	298.8533	94.029000	210.619000	100.868000	3.150000	1.000000	40	388	156	2.000000	-659.000000	0	0	0.000000	-2.000000
34.1291	1	816031.708	2961.320009	298.8433	94.030000	210.620000	100.855000	3.150000	1.000000	41	190	0	1.000000	-665.000000	0	0	0.000000	-2.000000
34.1391	1	816033.274	2962.205357	298.8351	94.030000	210.620000	100.855000	3.150000	1.000000	42	253	123	2.000000	-669.000000	0	0	0.000000	-2.000000
34.1491	1	816034.853	2961.411600	298.8278	94.030000	210.623000	100.919000	3.150000	1.000000	43	353	1	1.000000	-674.000000	0	0	0.000000	-2.000000
34.1591	1	816036.417	2961.777917	298.8176	94.029000	210.624000	100.975000	3.150000	1.000000	44	76	0	1.000000	-647.000000	0	0	0.000000	-2.000000
34.1691	1	816038.006	2960.984207	298.8072	94.029000	210.624000	100.975000	3.150000	1.000000	45	319	107	2.000000	-658.000000	0	0	0.000000	-2.000000
34.1791	1	816039.577	2961.411600	298.7999	94.030000	210.626000	100.876000	3.150000	1.000000	46	143	126	2.000000	-655.000000	0	0	0.000000	-2.000000
34.1891	1	816041.145	2961.503191	298.7937	94.031000	210.627000	100.841000	3.150000	1.000000	47	317	150	2.000000	-638.000000	8	13	1.000000	-1.000000
34.1991	1	816042.715	2961.289494	298.7856	94.031000	210.628000	100.725000	3.150000	1.000000	48	323	123	2.000000	-655.000000	0	0	0.000000	-2.000000
34.2091	1	816044.286	2961.442115	298.7751	94.032000	210.630000	100.887000	3.150000	1.000000	49	442	103	2.000000	-627.000000	4	12	1.000000	-1.000000
34.2191	1	816045.858	2962.419054	298.7695	94.032000	210.630000	100.967000	3.150000	1.000000	50	84	1	1.000000	-657.000000	0	0	0.000000	-2.000000
34.2291	1	816047.447	2961.961099	298.7611	94.032000	210.631000	100.957000	3.150000	1.000000	51	49	0	1.000000	-661.000000	0	0	0.000000	-2.000000
34.2391	1	816049.068	2961.014722	298.7538	94.033000	210.632000	100.957000	3.150000	1.000000	52	375	192	2.000000	-662.000000	0	0	0.000000	-2.000000
34.2491	1	816050.653	2961.320009	298.7437	94.033000	210.633000	100.823000	3.150000	1.000000	53	345	2	1.000000	-658.000000	0	0	0.000000	-2.000000
34.2591	1	816052.216	2961.838993	298.7362	94.034000	210.633000	100.832000	3.150000	1.000000	54	172	1	1.000000	-654.000000	9	6	1.000000	-1.000000
34.2691	1	816053.782	2961.411600	298.7245	94.034000	210.633000	100.832000	3.150000	1.000000	55	322	1	1.000000	-681.000000	8	0	1.000000	-1.000000
34.2791	1	816055.349	2961.228418	298.7182	94.036000	210.636000	100.862000	3.150000	1.000000	56	330	0	1.000000	-674.000000	0	0	0.000000	-2.000000
34.2891	1	816056.918	2961.197903	298.7046	94.036000	210.636000	100.940000	3.150000	1.000000	57	133	58	2.000000	-670.000000	0	0	0.000000	-2.000000
34.2991	1	816058.504	2960.831540	298.6919	94.036000	210.636000	100.940000	3.150000	1.000000	58	287	1	1.000000	-668.000000	10	6	1.000000	0.000000
34.3091	1	816060.103	2961.197903	298.6831	94.036000	210.638000	100.982000	3.150000	1.000000	59	318	7	2.000000	-673.000000	0	0	0.000000	-2.000000
34.3191	1	816061.669	2959.885162	298.6741	94.036000	210.639000	100.924000	3.150000	1.000000	60	104	157	3.000000	-628.000000	0	0	0.000000	-2.000000
34.3291	1	816063.257	2961.442115	298.6625	94.036000	210.639000	100.924000	3.150000	1.000000	61	95	5	1.000000	-656.000000	0	0	0.000000	-2.000000
