 &SRS
 SRSRUN=387282,SRSDAT=2013118,SRSTIM=4119,
 SRSSTN='BASE',SRSPRJ='GDA_BASE',SRSEXP='Emulator',
 SRSTLE='                                                            ',
 SRSCN1='        ',SRSCN2='        ',SRSCN3='        ',
<MetaDataAtStart>
cmd='scancn eta 0.01 61 BeamOK pil100k 1 roi1'
date='Sun Dec  8 04:11:04 2013'
x=10.0000
y=0.0000
z=0.0000
Year=2013
Month=12
Day= 8
Hours= 4
Minutes=11
Seconds= 4
delta=68.05810
eta=34.0290
chi= 56.84268
phi= 90.43627
gam=0.00000
mu= 0.00000
h=1.9988
k=0.0013
l=-1.0019
psi=143.04
Energy=2.8391
kphi=117.44
azih=0
azik=0
azil=1
h=1.9988
k=0.0013
l=-1.0019
beta=-54.7672
delta_axis_offset=  9.2
kphi=117.44
kap=-76.82386
kth=61.03631
kmu=    0
kdelta=68.058
kgam=    0
UB11=0.03348
UB12=-0.04519
UB13=0.06781
UB21=0.04046
UB22=-0.04973
UB23=-0.05926
UB31=0.10787
UB32=0.09939
UB33=0.00118
a=9.62465
b=9.62465
c=11.10390
alpha1=90.00000
alpha2=90.00000
alpha3=120.00000
rc=301.1917
idgap=5.8666
Uharmonic=3
s5xgap=  0.5
s5xtrans=-0.0005
s5ygap=  0.5
s5ytrans=5e-05
s6xgap=    4
s6xtrans=-0.0002
s6ygap=4.0002
s6ytrans=0.00015
stoke=0.000
tthp=65.675
thp=40.5691
zp=-14.480
ppth=0.35466
ppx=22.020
ppy=8.008
ppchi=0.000
sx=-0.50077
sy=-0.6532
sz=5.282
sperp=0.5057
spara=-0.6494
base_y= 1.68
Base_z=8.457
Base_z1=9.977
Base_z2=8.087
Base_z3=8.457
table_horiz=12.260
table_vert=1.756
Atten=0
Transmission=1
diode_gain=2
ic1_gain=2
ic2_gain=3
m1pitch=3.9602
m1x=-0.3394
m1y=5.6025
m1roll=-0.080861
m1yaw=0.34666
m1piezo=0.000
m2pitch= 3.96
m2x= 12.5
m2y=10.898
m2roll=0.43509
m2yaw=0.095735
m2bender=  365
m3x=-0.000
m4x=1.954
m3pitch=0.400
m4pitch=0.400
s1xcentre=0.802
s1xgap=0.248
s1ycentre=-0.0995
s1ygap=1.001
s2xcentre=0.96679
s2xgap=9.9981
s2ycentre=0.387
s2ygap=   26
s3xcentre=-1.645
s3xgap=24.995
s3ycentre=-1.6752
s3ygap=21.197
s4xcentre=12.999
s4xgap=24.998
s4ycentre=1.3895
s4ygap=25.004
Energy=2.8391
bragg=-43.861
dcmpitch=-10.341
dcmfinepitch=0.020527
perp=40.765
dcmlat=27.995
dcmroll1=19.945
dcmroll2=18.712
T1dcmSi111=117.04
T2dcmSi111=11.70
Tset=92.00
Ta=91.999000
Tb=209.849000
Tc=98.222000
Td=3.150000
m1y_offset=-14.586
m2y_offset=-20.29
base_z_offset=-11.731
ztable_offset=-18.433
m2_coating_offset=   11
idgap_offset=0.51871
p2x1=   60
p2y1= -102
p2ztop=-767.89
p2zbot= -800
p2rot=24.656
pilatus100k_path_template='387282-pilatus100k-files/%05d.tif'
</MetaDataAtStart>
 &END
eta	beamOK	TimeSec	ic1monitor	rc	Ta	Tb	Tc	Td	t	path	maxx	maxy	maxval	sum	roi1_maxx	roi1_maxy	roi1_maxval	roi1_sum
33.7290	1	814402.056	2976.767571	301.1543	91.972000	209.852000	98.780000	3.150000	1.000000	1	248	101	2.000000	-660.000000	6	1	2.000000	0.000000
33.7390	1	814403.704	2976.431722	301.1454	91.968000	209.854000	98.930000	3.150000	1.000000	2	298	99	2.000000	-664.000000	0	0	0.000000	-2.000000
33.7490	1	814405.295	2975.576935	301.1324	91.967000	209.855000	98.912000	3.150000	1.000000	3	388	152	2.000000	-653.000000	0	0	0.000000	-2.000000
33.7590	1	814406.869	2974.538966	301.1234	91.967000	209.855000	98.965000	3.150000	1.000000	4	236	2	1.000000	-650.000000	0	0	0.000000	-2.000000
33.7690	1	814408.438	2975.088465	301.1150	91.968000	209.857000	98.965000	3.150000	1.000000	5	180	76	2.000000	-660.000000	0	0	0.000000	-2.000000
33.7790	1	814410.024	2975.760117	301.1029	91.969000	209.857000	98.909000	3.150000	1.000000	6	447	27	2.000000	-659.000000	0	0	0.000000	-2.000000
33.7890	1	814411.595	2975.821146	301.0919	91.970000	209.858000	98.903000	3.150000	1.000000	7	368	95	2.000000	-661.000000	0	0	0.000000	-2.000000
33.7990	1	814413.169	2975.027436	301.0842	91.970000	209.858000	98.903000	3.150000	1.000000	8	127	52	2.000000	-676.000000	0	0	0.000000	-2.000000
33.8090	1	814414.757	2974.508405	301.0748	91.975000	209.860000	98.964000	3.150000	1.000000	9	292	139	2.000000	-659.000000	0	0	0.000000	-2.000000
33.8190	1	814416.329	2974.966360	301.0652	91.975000	209.861000	98.958000	3.150000	1.000000	10	134	71	3.000000	-650.000000	4	8	1.000000	0.000000
33.8290	1	814417.855	2974.966360	301.0559	91.975000	209.861000	98.958000	3.150000	1.000000	11	168	0	1.000000	-659.000000	0	0	0.000000	-2.000000
33.8390	1	814419.444	2975.363238	301.0445	91.980000	209.862000	98.907000	3.150000	1.000000	12	470	80	2.000000	-635.000000	12	0	1.000000	-1.000000
33.8490	1	814421.012	2974.508405	301.0352	91.981000	209.863000	98.892000	3.150000	1.000000	13	135	74	2.000000	-664.000000	0	0	0.000000	-2.000000
33.8590	1	814422.585	2975.241133	301.0250	91.981000	209.863000	98.892000	3.150000	1.000000	14	321	135	2.000000	-655.000000	0	0	0.000000	-2.000000
33.8690	1	814424.156	2975.760117	301.0178	91.985000	209.864000	98.863000	3.150000	1.000000	15	27	0	1.000000	-666.000000	10	6	1.000000	0.000000
33.8790	1	814425.728	2975.180056	301.0076	91.988000	209.865000	98.858000	3.150000	1.000000	16	113	0	1.000000	-644.000000	0	0	0.000000	-2.000000
33.8890	1	814427.301	2977.500251	300.9985	91.988000	209.865000	98.948000	3.150000	1.000000	17	365	101	2.000000	-638.000000	2	9	1.000000	-1.000000
33.8990	1	814428.830	2975.882223	300.9906	91.991000	209.866000	98.936000	3.150000	1.000000	18	38	188	3.000000	-644.000000	0	0	0.000000	-2.000000
33.9090	1	814430.424	2974.813693	300.9814	91.993000	209.866000	98.918000	3.150000	1.000000	19	423	114	2.000000	-664.000000	6	3	1.000000	-1.000000
33.9190	1	814431.991	2974.935845	300.9723	91.995000	209.867000	98.835000	3.150000	1.000000	20	234	2	1.000000	-669.000000	0	0	0.000000	-2.000000
33.9290	1	814433.561	2974.264194	300.9648	91.999000	209.867000	98.838000	3.150000	1.000000	21	355	116	2.000000	-642.000000	0	0	0.000000	-2.000000
33.9390	1	814435.128	2975.088465	300.9554	92.000000	209.868000	98.783000	3.150000	1.000000	22	279	95	2.000000	-637.000000	6	2	1.000000	-1.000000
33.9490	1	814436.701	2975.088465	300.9472	92.001000	209.868000	98.817000	3.150000	1.000000	23	73	1	1.000000	-654.000000	0	0	0.000000	-2.000000
33.9590	1	814438.244	2974.966360	300.9379	92.005000	209.868000	98.817000	3.150000	1.000000	24	246	1	1.000000	-658.000000	1	9	1.000000	-1.000000
33.9690	1	814439.812	2974.813693	300.9243	92.006000	209.869000	98.869000	3.150000	1.000000	25	414	1	1.000000	-655.000000	4	10	1.000000	0.000000
33.9790	1	814441.422	2974.081012	300.9157	92.007000	209.869000	98.873000	3.150000	1.000000	26	319	102	2.000000	-632.000000	4	6	1.000000	1.000000
33.9890	1	814442.991	2973.348331	300.9075	92.007000	209.869000	98.873000	3.150000	1.000000	27	342	109	2.000000	-667.000000	7	6	1.000000	-1.000000
33.9990	1	814444.564	2974.142088	300.8976	92.015000	209.869000	98.848000	3.150000	1.000000	28	250	1	1.000000	-649.000000	4	8	1.000000	-1.000000
34.0090	1	814446.153	2973.012528	300.8895	92.015000	209.869000	98.759000	3.150000	1.000000	29	245	105	2.000000	-645.000000	3	5	2.000000	6.000000
34.0190	1	814447.746	2973.592542	300.8839	92.015000	209.869000	98.759000	3.150000	1.000000	30	246	106	6.000000	-637.000000	4	6	6.000000	11.000000
34.0290	1	814449.311	2974.416861	300.8764	92.018000	209.870000	98.991000	3.150000	1.000000	31	100	1	1.000000	-643.000000	3	1	1.000000	2.000000
34.0390	1	814450.885	2973.897830	300.8678	92.019000	209.871000	98.934000	3.150000	1.000000	32	313	0	1.000000	-642.000000	1	6	1.000000	0.000000
34.0490	1	814452.478	2974.050497	300.8581	92.019000	209.871000	98.934000	3.150000	1.000000	33	108	0	1.000000	-633.000000	2	4	1.000000	1.000000
34.0590	1	814454.110	2974.508405	300.8500	92.020000	209.871000	98.660000	3.150000	1.000000	34	168	3	1.000000	-622.000000	5	2	1.000000	1.000000
34.0690	1	814455.681	2975.454829	300.8422	92.022000	209.871000	98.646000	3.150000	1.000000	35	471	1	1.000000	-668.000000	4	3	1.000000	0.000000
34.0790	1	814457.207	2974.019982	300.8348	92.022000	209.871000	98.646000	3.150000	1.000000	36	365	2	1.000000	-657.000000	10	6	1.000000	0.000000
34.0890	1	814458.788	2973.989421	300.8241	92.024000	209.872000	98.714000	3.150000	1.000000	37	295	24	2.000000	-654.000000	0	0	0.000000	-2.000000
34.0990	1	814460.360	2974.111573	300.8172	92.024000	209.872000	98.821000	3.150000	1.000000	38	477	0	1.000000	-652.000000	0	0	0.000000	-2.000000
34.1090	1	814461.906	2973.714695	300.8087	92.024000	209.872000	98.858000	3.150000	1.000000	39	357	101	2.000000	-658.000000	3	8	1.000000	0.000000
34.1190	1	814463.513	2973.653618	300.8010	92.024000	209.873000	98.858000	3.150000	1.000000	40	120	0	2.000000	-640.000000	5	2	1.000000	-1.000000
34.1290	1	814465.085	2973.836800	300.7911	92.025000	209.873000	98.691000	3.150000	1.000000	41	322	3	1.000000	-649.000000	6	13	1.000000	-1.000000
34.1390	1	814466.615	2973.745209	300.7830	92.026000	209.873000	98.682000	3.150000	1.000000	42	9	179	2.000000	-657.000000	2	9	1.000000	-1.000000
34.1490	1	814468.207	2973.775724	300.7704	92.026000	209.873000	98.682000	3.150000	1.000000	43	38	1	1.000000	-647.000000	1	13	1.000000	-1.000000
34.1590	1	814469.793	2972.890423	300.7639	92.028000	209.873000	98.918000	3.150000	1.000000	44	434	56	2.000000	-649.000000	8	4	1.000000	-1.000000
34.1690	1	814471.359	2974.233679	300.7538	92.028000	209.873000	98.896000	3.150000	1.000000	45	404	0	1.000000	-642.000000	0	0	0.000000	-2.000000
34.1790	1	814472.929	2974.538966	300.7485	92.028000	209.873000	98.896000	3.150000	1.000000	46	269	0	1.000000	-644.000000	8	12	1.000000	-1.000000
34.1890	1	814474.511	2974.081012	300.7379	92.029000	209.874000	98.949000	3.150000	1.000000	47	224	0	1.000000	-660.000000	0	1	1.000000	0.000000
34.1990	1	814476.075	2973.012528	300.7309	92.029000	209.874000	98.864000	3.150000	1.000000	48	64	72	2.000000	-649.000000	0	0	0.000000	-2.000000
34.2090	1	814477.651	2973.043043	300.7229	92.029000	209.874000	98.864000	3.150000	1.000000	49	293	118	2.000000	-653.000000	0	0	0.000000	-2.000000
34.2190	1	814479.176	2973.958906	300.7148	92.030000	209.874000	98.779000	3.150000	1.000000	50	245	0	1.000000	-658.000000	0	0	0.000000	-2.000000
34.2290	1	814480.753	2972.707241	300.7052	92.031000	209.874000	98.830000	3.150000	1.000000	51	268	6	1.000000	-654.000000	4	8	1.000000	-1.000000
34.2390	1	814482.277	2973.073558	300.6953	92.031000	209.874000	98.830000	3.150000	1.000000	52	47	2	1.000000	-652.000000	0	0	0.000000	-2.000000
34.2490	1	814483.849	2973.745209	300.6875	92.032000	209.874000	98.925000	3.150000	1.000000	53	455	0	1.000000	-648.000000	5	0	1.000000	1.000000
34.2590	1	814485.441	2973.897830	300.6754	92.032000	209.874000	98.882000	3.150000	1.000000	54	286	0	1.000000	-658.000000	1	1	1.000000	-1.000000
34.2690	1	814487.017	2972.249286	300.6632	92.032000	209.874000	98.843000	3.150000	1.000000	55	442	0	1.000000	-664.000000	0	0	0.000000	-2.000000
34.2790	1	814488.541	2973.348331	300.6551	92.034000	209.874000	98.843000	3.150000	1.000000	56	198	0	1.000000	-672.000000	0	0	0.000000	-2.000000
34.2890	1	814490.111	2972.432468	300.6482	92.035000	209.874000	98.762000	3.150000	1.000000	57	393	0	1.000000	-636.000000	0	0	0.000000	-2.000000
34.2990	1	814491.685	2973.531513	300.6344	92.035000	209.874000	98.743000	3.150000	1.000000	58	52	132	2.000000	-673.000000	4	12	1.000000	-1.000000
34.3090	1	814493.212	2973.806286	300.6231	92.035000	209.874000	98.743000	3.150000	1.000000	59	8	0	1.000000	-674.000000	0	0	0.000000	-2.000000
34.3190	1	814494.785	2973.684133	300.6146	92.036000	209.873000	98.832000	3.150000	1.000000	60	364	78	2.000000	-668.000000	0	0	0.000000	-2.000000
34.3290	1	814496.389	2974.050497	300.6042	92.036000	209.873000	98.859000	3.150000	1.000000	61	164	75	3.000000	-662.000000	9	2	1.000000	-1.000000
