 &SRS
 SRSRUN=387283,SRSDAT=2013118,SRSTIM=4134,
 SRSSTN='BASE',SRSPRJ='GDA_BASE',SRSEXP='Emulator',
 SRSTLE='                                                            ',
 SRSCN1='        ',SRSCN2='        ',SRSCN3='        ',
<MetaDataAtStart>
cmd='scancn eta 0.01 61 BeamOK pil100k 1 roi1'
date='Sun Dec  8 04:12:59 2013'
x=10.0000
y=0.0000
z=0.0000
Year=2013
Month=12
Day= 8
Hours= 4
Minutes=12
Seconds=59
delta=38.24109
eta=19.1205
chi= 41.09686
phi= 175.27096
gam=0.00000
mu= 0.00000
h=0.0025
k=1.0012
l=-0.9957
psi=42.223
Energy=2.8391
kphi=193.6
azih=0
azik=0
azil=1
h=0.0025
k=1.0012
l=-0.9957
beta=21.4162
delta_axis_offset=  9.2
kphi=193.6
kap=-54.54160
kth=37.45330
kmu=    0
kdelta=38.241
kgam=    0
UB11=0.03348
UB12=-0.04519
UB13=0.06781
UB21=0.04046
UB22=-0.04973
UB23=-0.05926
UB31=0.10787
UB32=0.09939
UB33=0.00118
a=9.62465
b=9.62465
c=11.10390
alpha1=90.00000
alpha2=90.00000
alpha3=120.00000
rc=300.5087
idgap=5.8666
Uharmonic=3
s5xgap=  0.5
s5xtrans=-0.0005
s5ygap=  0.5
s5ytrans=5e-05
s6xgap=    4
s6xtrans=-0.0002
s6ygap=4.0002
s6ytrans=0.00015
stoke=0.000
tthp=65.675
thp=40.5691
zp=-14.480
ppth=0.35494
ppx=22.020
ppy=8.008
ppchi=0.000
sx=-0.50077
sy=-0.6532
sz=5.282
sperp=0.6923
spara=0.4452
base_y= 1.68
Base_z=8.457
Base_z1=9.977
Base_z2=8.087
Base_z3=8.457
table_horiz=12.260
table_vert=1.756
Atten=0
Transmission=1
diode_gain=2
ic1_gain=2
ic2_gain=3
m1pitch=3.9602
m1x=-0.3394
m1y=5.6025
m1roll=-0.080861
m1yaw=0.34662
m1piezo=0.000
m2pitch= 3.96
m2x= 12.5
m2y=10.898
m2roll=0.43509
m2yaw=0.095694
m2bender=  365
m3x=-0.000
m4x=1.954
m3pitch=0.400
m4pitch=0.400
s1xcentre=0.802
s1xgap=0.248
s1ycentre=-0.0995
s1ygap=1.001
s2xcentre=0.96679
s2xgap=9.9981
s2ycentre=0.387
s2ygap=   26
s3xcentre=-1.645
s3xgap=24.995
s3ycentre=-1.6752
s3ygap=21.197
s4xcentre=12.999
s4xgap=24.998
s4ycentre=1.3895
s4ygap=25.004
Energy=2.8391
bragg=-43.861
dcmpitch=-10.337
dcmfinepitch=0.010263
perp=40.765
dcmlat=27.995
dcmroll1=19.945
dcmroll2=18.719
T1dcmSi111=117.03
T2dcmSi111=11.70
Tset=92.00
Ta=92.025000
Tb=209.874000
Tc=98.246000
Td=3.150000
m1y_offset=-14.586
m2y_offset=-20.29
base_z_offset=-11.731
ztable_offset=-18.433
m2_coating_offset=   11
idgap_offset=0.51871
p2x1=   60
p2y1= -102
p2ztop=-767.89
p2zbot= -800
p2rot=24.656
pilatus100k_path_template='387283-pilatus100k-files/%05d.tif'
</MetaDataAtStart>
 &END
eta	beamOK	TimeSec	ic1monitor	rc	Ta	Tb	Tc	Td	t	path	maxx	maxy	maxval	sum	roi1_maxx	roi1_maxy	roi1_maxval	roi1_sum
18.8205	1	814516.941	2972.035590	300.4805	92.028000	209.876000	98.505000	3.150000	1.000000	1	482	12	2.000000	-621.000000	2	10	1.000000	-1.000000
18.8305	1	814518.599	2972.096666	300.4711	92.028000	209.879000	98.627000	3.150000	1.000000	2	360	0	1.000000	-648.000000	0	0	0.000000	-2.000000
18.8405	1	814520.171	2972.340877	300.4624	92.028000	209.879000	98.709000	3.150000	1.000000	3	439	21	2.000000	-644.000000	2	7	2.000000	0.000000
18.8505	1	814521.693	2971.547120	300.4529	92.029000	209.880000	98.643000	3.150000	1.000000	4	135	0	1.000000	-623.000000	3	4	1.000000	-1.000000
18.8605	1	814523.291	2972.432468	300.4403	92.030000	209.880000	98.643000	3.150000	1.000000	5	103	119	2.000000	-632.000000	0	0	0.000000	-2.000000
18.8705	1	814524.806	2971.852408	300.4323	92.030000	209.883000	98.585000	3.150000	1.000000	6	63	1	1.000000	-626.000000	0	0	0.000000	-2.000000
18.8805	1	814526.373	2972.218771	300.4198	92.031000	209.884000	98.593000	3.150000	1.000000	7	469	23	2.000000	-639.000000	0	0	0.000000	-2.000000
18.8905	1	814527.912	2972.157695	300.4109	92.031000	209.884000	98.593000	3.150000	1.000000	8	404	136	2.000000	-615.000000	0	0	0.000000	-2.000000
18.9005	1	814529.481	2972.462983	300.3989	92.029000	209.887000	98.699000	3.150000	1.000000	9	450	126	2.000000	-613.000000	6	12	1.000000	-1.000000
18.9105	1	814531.001	2972.890423	300.3889	92.029000	209.889000	98.692000	3.150000	1.000000	10	38	0	1.000000	-610.000000	0	0	0.000000	-2.000000
18.9205	1	814532.569	2972.035590	300.3779	92.029000	209.889000	98.692000	3.150000	1.000000	11	467	77	2.000000	-652.000000	8	4	1.000000	-1.000000
18.9305	1	814534.107	2971.333423	300.3706	92.028000	209.891000	98.600000	3.150000	1.000000	12	282	151	2.000000	-623.000000	0	0	0.000000	-2.000000
18.9405	1	814535.678	2972.035590	300.3617	92.027000	209.894000	98.447000	3.150000	1.000000	13	15	2	1.000000	-652.000000	0	0	0.000000	-2.000000
18.9505	1	814537.251	2972.401953	300.3487	92.027000	209.894000	98.534000	3.150000	1.000000	14	402	1	1.000000	-622.000000	0	0	0.000000	-2.000000
18.9605	1	814538.798	2971.943999	300.3406	92.026000	209.897000	98.638000	3.150000	1.000000	15	135	105	2.000000	-648.000000	0	0	0.000000	-2.000000
18.9705	1	814540.370	2971.394500	300.3281	92.025000	209.898000	98.656000	3.150000	1.000000	16	123	0	1.000000	-655.000000	0	0	0.000000	-2.000000
18.9805	1	814541.945	2972.401953	300.3217	92.024000	209.899000	98.619000	3.150000	1.000000	17	357	0	1.000000	-637.000000	10	6	1.000000	0.000000
18.9905	1	814543.464	2971.821893	300.3104	92.022000	209.899000	98.619000	3.150000	1.000000	18	142	47	2.000000	-622.000000	0	0	0.000000	-2.000000
19.0005	1	814545.070	2971.211318	300.2990	92.021000	209.903000	98.634000	3.150000	1.000000	19	202	96	2.000000	-620.000000	2	7	1.000000	0.000000
19.0105	1	814546.642	2972.005075	300.2879	92.020000	209.904000	98.651000	3.150000	1.000000	20	73	58	2.000000	-622.000000	0	0	0.000000	-2.000000
19.0205	1	814548.163	2972.218771	300.2788	92.020000	209.904000	98.651000	3.150000	1.000000	21	456	145	2.000000	-617.000000	8	11	1.000000	-1.000000
19.0305	1	814549.733	2970.325970	300.2709	92.018000	209.908000	98.608000	3.150000	1.000000	22	62	0	1.000000	-622.000000	7	13	1.000000	-1.000000
19.0405	1	814551.248	2971.333423	300.2653	92.017000	209.909000	98.684000	3.150000	1.000000	23	1	1	1.000000	-620.000000	2	0	1.000000	2.000000
19.0505	1	814552.821	2971.699787	300.2581	92.017000	209.909000	98.684000	3.150000	1.000000	24	239	114	2.000000	-648.000000	0	14	1.000000	-1.000000
19.0605	1	814554.392	2971.486091	300.2449	92.011000	209.912000	98.756000	3.150000	1.000000	25	239	113	2.000000	-632.000000	9	9	1.000000	0.000000
19.0705	1	814556.046	2971.425014	300.2399	92.010000	209.914000	98.747000	3.150000	1.000000	26	242	108	2.000000	-589.000000	0	8	2.000000	9.000000
19.0805	1	814557.620	2971.486091	300.2314	92.010000	209.914000	98.747000	3.150000	1.000000	27	243	112	2.000000	-634.000000	1	12	2.000000	2.000000
19.0905	1	814559.193	2970.631257	300.2241	92.008000	209.917000	98.653000	3.150000	1.000000	28	102	25	2.000000	-611.000000	5	9	1.000000	6.000000
19.1005	1	814560.763	2969.868062	300.2140	92.005000	209.918000	98.658000	3.150000	1.000000	29	245	111	4.000000	-624.000000	3	11	4.000000	14.000000
19.1105	1	814562.279	2970.417561	300.2059	92.005000	209.919000	98.716000	3.150000	1.000000	30	462	0	1.000000	-625.000000	2	4	1.000000	8.000000
19.1205	1	814563.850	2970.875515	300.1936	92.002000	209.921000	98.822000	3.150000	1.000000	31	6	85	2.000000	-601.000000	4	12	2.000000	12.000000
19.1305	1	814565.420	2971.028136	300.1870	92.000000	209.922000	98.825000	3.150000	1.000000	32	249	110	3.000000	-600.000000	7	10	3.000000	11.000000
19.1405	1	814566.994	2969.776471	300.1729	91.999000	209.923000	98.789000	3.150000	1.000000	33	247	105	2.000000	-611.000000	5	5	2.000000	14.000000
19.1505	1	814568.565	2970.356531	300.1627	91.997000	209.923000	98.789000	3.150000	1.000000	34	246	110	3.000000	-609.000000	4	10	3.000000	18.000000
19.1605	1	814570.105	2969.959653	300.1497	91.996000	209.926000	98.678000	3.150000	1.000000	35	248	109	3.000000	-626.000000	6	9	3.000000	13.000000
19.1705	1	814571.689	2969.532259	300.1428	91.995000	209.927000	98.698000	3.150000	1.000000	36	188	3	2.000000	-624.000000	1	2	1.000000	9.000000
19.1805	1	814573.260	2970.570228	300.1325	91.995000	209.927000	98.698000	3.150000	1.000000	37	246	106	3.000000	-617.000000	4	6	3.000000	19.000000
19.1905	1	814574.834	2970.875515	300.1243	91.991000	209.930000	98.651000	3.150000	1.000000	38	473	26	2.000000	-649.000000	4	9	2.000000	10.000000
19.2005	1	814576.358	2970.539666	300.1158	91.989000	209.931000	98.810000	3.150000	1.000000	39	400	0	1.000000	-661.000000	10	3	1.000000	6.000000
19.2105	1	814577.950	2970.112273	300.1035	91.989000	209.931000	98.810000	3.150000	1.000000	40	235	182	2.000000	-625.000000	9	4	1.000000	6.000000
19.2205	1	814579.519	2971.211318	300.0971	91.986000	209.934000	98.785000	3.150000	1.000000	41	452	0	1.000000	-620.000000	4	5	1.000000	2.000000
19.2305	1	814581.035	2971.150242	300.0860	91.985000	209.935000	98.725000	3.150000	1.000000	42	111	95	2.000000	-636.000000	11	6	1.000000	1.000000
19.2405	1	814582.607	2970.661819	300.0736	91.985000	209.935000	98.725000	3.150000	1.000000	43	457	59	2.000000	-633.000000	2	3	1.000000	3.000000
19.2505	1	814587.271	2970.081758	300.0453	91.980000	209.938000	98.797000	3.150000	1.000000	44	126	0	1.000000	-624.000000	7	4	1.000000	1.000000
19.2605	1	814588.868	2970.295455	300.0380	91.977000	209.940000	98.819000	3.150000	1.000000	45	408	103	2.000000	-638.000000	10	5	1.000000	0.000000
19.2705	1	814590.464	2970.356531	300.0289	91.976000	209.940000	98.754000	3.150000	1.000000	46	463	0	1.000000	-624.000000	10	7	1.000000	0.000000
19.2805	1	814592.041	2970.875515	300.0226	91.975000	209.941000	98.770000	3.150000	1.000000	47	448	0	1.000000	-625.000000	4	4	1.000000	-1.000000
19.2905	1	814593.566	2970.264940	300.0142	91.973000	209.942000	98.770000	3.150000	1.000000	48	6	0	1.000000	-627.000000	0	0	0.000000	-2.000000
19.3005	1	814595.204	2971.272394	300.0044	91.972000	209.943000	98.752000	3.150000	1.000000	49	444	0	1.000000	-644.000000	0	0	0.000000	-2.000000
19.3105	1	814596.816	2969.318516	299.9966	91.971000	209.943000	98.645000	3.150000	1.000000	50	185	141	2.000000	-620.000000	2	10	1.000000	-1.000000
19.3205	1	814598.403	2969.929091	299.9868	91.969000	209.943000	98.645000	3.150000	1.000000	51	480	118	2.000000	-607.000000	8	9	1.000000	-1.000000
19.3305	1	814599.998	2969.929091	299.9767	91.968000	209.946000	98.778000	3.150000	1.000000	52	427	28	2.000000	-622.000000	0	0	0.000000	-2.000000
19.3405	1	814601.595	2969.715395	299.9695	91.967000	209.946000	98.811000	3.150000	1.000000	53	62	3	2.000000	-629.000000	0	0	0.000000	-2.000000
19.3505	1	814603.172	2971.241833	299.9590	91.967000	209.946000	98.811000	3.150000	1.000000	54	449	3	1.000000	-625.000000	12	12	1.000000	-1.000000
19.3605	1	814604.690	2969.623804	299.9527	91.965000	209.947000	98.648000	3.150000	1.000000	55	380	102	2.000000	-627.000000	0	0	0.000000	-2.000000
19.3705	1	814606.261	2969.288001	299.9432	91.965000	209.948000	98.760000	3.150000	1.000000	56	351	116	2.000000	-638.000000	12	11	1.000000	-1.000000
19.3805	1	814607.805	2970.051244	299.9325	91.965000	209.948000	98.760000	3.150000	1.000000	57	446	1	2.000000	-598.000000	1	2	1.000000	0.000000
19.3905	1	814609.375	2970.387046	299.9223	91.963000	209.949000	98.520000	3.150000	1.000000	58	449	0	1.000000	-627.000000	0	0	0.000000	-2.000000
19.4005	1	814610.990	2969.440668	299.9149	91.961000	209.950000	98.569000	3.150000	1.000000	59	473	120	2.000000	-630.000000	0	0	0.000000	-2.000000
19.4105	1	814612.584	2970.203864	299.9056	91.961000	209.950000	98.569000	3.150000	1.000000	60	114	0	1.000000	-623.000000	0	0	0.000000	-2.000000
19.4205	1	814614.177	2969.684880	299.8980	91.960000	209.950000	98.511000	3.150000	1.000000	61	250	178	2.000000	-657.000000	0	0	0.000000	-2.000000
