 &SRS
 SRSRUN=387295,SRSDAT=2013118,SRSTIM=43915,
 SRSSTN='BASE',SRSPRJ='GDA_BASE',SRSEXP='Emulator',
 SRSTLE='                                                            ',
 SRSCN1='        ',SRSCN2='        ',SRSCN3='        ',
<MetaDataAtStart>
cmd='scancn eta 0.01 61 BeamOK pil100k 1 roi1'
date='Sun Dec  8 04:39:09 2013'
x=10.0000
y=0.0000
z=0.0000
Year=2013
Month=12
Day= 8
Hours= 4
Minutes=39
Seconds= 9
delta=38.24109
eta=19.1205
chi= 41.09686
phi= 175.27096
gam=0.00000
mu= 0.00000
h=0.0025
k=1.0012
l=-0.9957
psi=42.223
Energy=2.8391
kphi=193.6
azih=0
azik=0
azil=1
h=0.0025
k=1.0012
l=-0.9957
beta=21.4162
delta_axis_offset=  9.2
kphi=193.6
kap=-54.54160
kth=37.45330
kmu=    0
kdelta=38.241
kgam=    0
UB11=0.03348
UB12=-0.04519
UB13=0.06781
UB21=0.04046
UB22=-0.04973
UB23=-0.05926
UB31=0.10787
UB32=0.09939
UB33=0.00118
a=9.62465
b=9.62465
c=11.10390
alpha1=90.00000
alpha2=90.00000
alpha3=120.00000
rc=298.5520
idgap=5.8666
Uharmonic=3
s5xgap=  0.5
s5xtrans=-0.0005
s5ygap=  0.5
s5ytrans=5e-05
s6xgap=    4
s6xtrans=-0.0002
s6ygap=4.0002
s6ytrans=0.00015
stoke=0.000
tthp=65.675
thp=40.5692
zp=-14.480
ppth=0.36038
ppx=22.020
ppy=8.008
ppchi=0.000
sx=-0.50077
sy=-0.6532
sz=5.282
sperp=0.6923
spara=0.4452
base_y= 1.68
Base_z=8.457
Base_z1=9.977
Base_z2=8.087
Base_z3=8.457
table_horiz=12.260
table_vert=1.756
Atten=0
Transmission=1
diode_gain=2
ic1_gain=2
ic2_gain=3
m1pitch=3.9602
m1x=-0.3394
m1y=5.6025
m1roll=-0.080861
m1yaw=0.34662
m1piezo=0.000
m2pitch= 3.96
m2x= 12.5
m2y=10.898
m2roll=0.43495
m2yaw=0.095673
m2bender=  365
m3x=-0.000
m4x=1.954
m3pitch=0.400
m4pitch=0.400
s1xcentre=0.802
s1xgap=0.248
s1ycentre=-0.0995
s1ygap=1.001
s2xcentre=0.96679
s2xgap=9.9981
s2ycentre=0.387
s2ygap=   26
s3xcentre=-1.645
s3xgap=24.995
s3ycentre=-1.6752
s3ygap=21.197
s4xcentre=12.999
s4xgap=24.998
s4ycentre=1.3895
s4ygap=25.004
Energy=2.8391
bragg=-43.861
dcmpitch=-10.331
dcmfinepitch=0.020527
perp=40.765
dcmlat=27.995
dcmroll1=19.942
dcmroll2=18.715
T1dcmSi111=117.00
T2dcmSi111=11.71
Tset=94.00
Ta=94.027000
Tb=210.650000
Tc=100.281000
Td=3.150000
m1y_offset=-14.586
m2y_offset=-20.29
base_z_offset=-11.731
ztable_offset=-18.433
m2_coating_offset=   11
idgap_offset=0.51871
p2x1=   60
p2y1= -102
p2ztop=-767.89
p2zbot= -800
p2rot=24.656
pilatus100k_path_template='387295-pilatus100k-files/%05d.tif'
</MetaDataAtStart>
 &END
eta	beamOK	TimeSec	ic1monitor	rc	Ta	Tb	Tc	Td	t	path	maxx	maxy	maxval	sum	roi1_maxx	roi1_maxy	roi1_maxval	roi1_sum
18.8205	1	816087.196	2959.488284	298.5213	94.029000	210.654000	100.356000	3.150000	1.000000	1	458	45	2.000000	-645.000000	0	0	0.000000	-2.000000
18.8305	1	816088.768	2960.068344	298.5152	94.029000	210.654000	100.356000	3.150000	1.000000	2	105	0	1.000000	-632.000000	0	0	0.000000	-2.000000
18.8405	1	816090.290	2960.526252	298.5059	94.029000	210.657000	100.399000	3.150000	1.000000	3	215	1	1.000000	-644.000000	0	0	0.000000	-2.000000
18.8505	1	816091.860	2959.885162	298.4952	94.029000	210.659000	100.528000	3.150000	1.000000	4	13	1	1.000000	-630.000000	0	0	0.000000	-2.000000
18.8605	1	816093.452	2960.129374	298.4874	94.029000	210.659000	100.528000	3.150000	1.000000	5	70	0	1.000000	-641.000000	0	0	0.000000	-2.000000
18.8705	1	816095.025	2959.366178	298.4756	94.027000	210.662000	100.385000	3.150000	1.000000	6	40	0	1.000000	-622.000000	0	0	0.000000	-2.000000
18.8805	1	816096.548	2959.976753	298.4678	94.027000	210.665000	100.388000	3.150000	1.000000	7	120	95	2.000000	-647.000000	0	0	0.000000	-2.000000
18.8905	1	816098.121	2960.648358	298.4561	94.027000	210.665000	100.388000	3.150000	1.000000	8	19	0	1.000000	-639.000000	0	0	0.000000	-2.000000
18.9005	1	816099.697	2959.610389	298.4440	94.027000	210.668000	100.373000	3.150000	1.000000	9	403	145	2.000000	-627.000000	0	0	0.000000	-2.000000
18.9105	1	816101.222	2960.831540	298.4331	94.026000	210.669000	100.388000	3.150000	1.000000	10	474	5	1.000000	-623.000000	0	0	0.000000	-2.000000
18.9205	1	816102.782	2959.030329	298.4253	94.026000	210.671000	100.461000	3.150000	1.000000	11	9	28	2.000000	-638.000000	0	0	0.000000	-2.000000
18.9305	1	816104.393	2959.946192	298.4109	94.024000	210.674000	100.484000	3.150000	1.000000	12	392	0	1.000000	-627.000000	0	0	0.000000	-2.000000
18.9405	1	816105.960	2960.312555	298.4041	94.023000	210.676000	100.496000	3.150000	1.000000	13	438	2	1.000000	-641.000000	0	0	0.000000	-2.000000
18.9505	1	816107.480	2959.274587	298.3957	94.022000	210.677000	100.466000	3.150000	1.000000	14	463	42	2.000000	-636.000000	5	8	1.000000	-1.000000
18.9605	1	816109.072	2959.488284	298.3813	94.020000	210.677000	100.466000	3.150000	1.000000	15	484	58	2.000000	-639.000000	0	0	0.000000	-2.000000
18.9705	1	816110.645	2960.129374	298.3730	94.019000	210.682000	100.284000	3.150000	1.000000	16	5	169	2.000000	-654.000000	4	3	1.000000	-1.000000
18.9805	1	816112.165	2959.396693	298.3640	94.019000	210.684000	100.311000	3.150000	1.000000	17	76	79	2.000000	-618.000000	0	5	1.000000	-1.000000
18.9905	1	816113.739	2960.404146	298.3531	94.019000	210.684000	100.311000	3.150000	1.000000	18	0	151	2.000000	-642.000000	0	0	0.000000	-2.000000
19.0005	1	816115.279	2959.793571	298.3439	94.014000	210.689000	100.386000	3.150000	1.000000	19	51	0	1.000000	-642.000000	0	0	0.000000	-2.000000
19.0105	1	816116.849	2958.328163	298.3360	94.013000	210.690000	100.436000	3.150000	1.000000	20	435	6	1.000000	-636.000000	0	0	0.000000	-2.000000
19.0205	1	816118.425	2958.602936	298.3257	94.013000	210.690000	100.436000	3.150000	1.000000	21	483	1	1.000000	-635.000000	0	0	0.000000	-2.000000
19.0305	1	816120.002	2958.694526	298.3181	94.010000	210.693000	100.344000	3.150000	1.000000	22	274	96	2.000000	-640.000000	0	0	0.000000	-2.000000
19.0405	1	816121.573	2959.030329	298.3104	94.009000	210.696000	100.367000	3.150000	1.000000	23	361	110	2.000000	-638.000000	10	0	1.000000	-1.000000
19.0505	1	816123.087	2959.579874	298.2998	94.009000	210.696000	100.367000	3.150000	1.000000	24	355	1	1.000000	-637.000000	0	0	0.000000	-2.000000
19.0605	1	816124.655	2959.824086	298.2928	94.006000	210.698000	100.408000	3.150000	1.000000	25	477	37	2.000000	-617.000000	0	14	1.000000	-1.000000
19.0705	1	816126.227	2959.457769	298.2845	94.004000	210.700000	100.444000	3.150000	1.000000	26	440	36	2.000000	-636.000000	0	12	1.000000	1.000000
19.0805	1	816143.999	2975.576935	301.5523	93.985000	210.715000	100.443000	3.150000	1.000000	27	244	111	2.000000	-601.000000	2	11	2.000000	8.000000
19.0905	1	816145.605	2975.241133	301.5432	93.984000	210.719000	100.331000	3.150000	1.000000	28	74	0	1.000000	-625.000000	2	8	1.000000	4.000000
19.1005	1	816147.177	2976.401207	301.5297	93.983000	210.720000	100.420000	3.150000	1.000000	29	284	98	2.000000	-644.000000	1	10	2.000000	4.000000
19.1105	1	816148.799	2974.538966	301.5226	93.983000	210.720000	100.420000	3.150000	1.000000	30	481	186	2.000000	-650.000000	6	5	1.000000	7.000000
19.1205	1	816150.370	2974.508405	301.5115	93.979000	210.723000	100.471000	3.150000	1.000000	31	249	109	2.000000	-619.000000	7	9	2.000000	8.000000
19.1305	1	816151.892	2974.783178	301.5031	93.978000	210.724000	100.556000	3.150000	1.000000	32	68	0	1.000000	-625.000000	0	4	1.000000	11.000000
19.1405	1	816153.463	2974.935845	301.4939	93.978000	210.724000	100.556000	3.150000	1.000000	33	294	29	2.000000	-622.000000	4	2	2.000000	13.000000
19.1505	1	816155.033	2974.233679	301.4855	93.975000	210.727000	100.407000	3.150000	1.000000	34	92	3	1.000000	-637.000000	5	4	1.000000	10.000000
19.1605	1	816156.624	2975.790632	301.4781	93.975000	210.728000	100.435000	3.150000	1.000000	35	248	107	2.000000	-621.000000	6	7	2.000000	12.000000
19.1705	1	816158.195	2974.783178	301.4685	93.975000	210.728000	100.435000	3.150000	1.000000	36	249	108	2.000000	-642.000000	7	8	2.000000	15.000000
19.1805	1	816159.709	2975.668526	301.4608	93.973000	210.730000	100.358000	3.150000	1.000000	37	393	0	1.000000	-614.000000	6	3	1.000000	10.000000
19.1905	1	816161.278	2975.118980	301.4517	93.970000	210.731000	100.514000	3.150000	1.000000	38	268	96	2.000000	-618.000000	7	7	1.000000	4.000000
19.2005	1	816162.795	2975.760117	301.4439	93.970000	210.732000	100.455000	3.150000	1.000000	39	6	121	2.000000	-628.000000	7	6	1.000000	1.000000
19.2105	1	816164.364	2976.553874	301.4330	93.967000	210.734000	100.426000	3.150000	1.000000	40	5	91	2.000000	-632.000000	6	3	1.000000	3.000000
19.2205	1	816165.933	2975.332724	301.4247	93.967000	210.734000	100.403000	3.150000	1.000000	41	120	39	2.000000	-632.000000	9	2	1.000000	5.000000
19.2305	1	816167.491	2975.668526	301.4120	93.966000	210.735000	100.354000	3.150000	1.000000	42	43	0	1.000000	-627.000000	10	7	1.000000	1.000000
19.2405	1	816169.068	2975.851708	301.4005	93.964000	210.735000	100.354000	3.150000	1.000000	43	33	1	2.000000	-649.000000	10	6	1.000000	0.000000
19.2505	1	816170.675	2974.783178	301.3851	93.963000	210.737000	100.385000	3.150000	1.000000	44	391	0	1.000000	-630.000000	10	11	1.000000	0.000000
19.2605	1	816172.509	2974.599996	301.3741	93.963000	210.738000	100.388000	3.150000	1.000000	45	373	1	1.000000	-650.000000	0	0	0.000000	-2.000000
19.2705	1	816174.083	2975.241133	301.3620	93.960000	210.738000	100.388000	3.150000	1.000000	46	458	91	2.000000	-639.000000	12	4	1.000000	0.000000
19.2805	1	816175.598	2975.088465	301.3484	93.959000	210.740000	100.436000	3.150000	1.000000	47	252	104	2.000000	-638.000000	10	4	2.000000	1.000000
19.2905	1	816177.198	2975.057951	301.3354	93.958000	210.741000	100.408000	3.150000	1.000000	48	106	0	1.000000	-621.000000	6	0	1.000000	-1.000000
19.3005	1	816178.768	2977.805539	301.3239	93.958000	210.741000	100.408000	3.150000	1.000000	49	442	0	1.000000	-645.000000	11	2	1.000000	-1.000000
19.3105	1	816180.283	2975.027436	301.3142	93.956000	210.742000	100.399000	3.150000	1.000000	50	15	194	2.000000	-622.000000	0	0	0.000000	-2.000000
19.3205	1	816181.868	2974.905284	301.3002	93.956000	210.743000	100.340000	3.150000	1.000000	51	418	4	1.000000	-643.000000	0	0	0.000000	-2.000000
19.3305	1	816185.286	2974.783178	301.2803	93.954000	210.745000	100.404000	3.150000	1.000000	52	413	102	2.000000	-632.000000	9	5	1.000000	-1.000000
19.3405	1	816186.859	2973.531513	301.2678	93.953000	210.745000	100.480000	3.150000	1.000000	53	31	44	2.000000	-635.000000	0	0	0.000000	-2.000000
19.3505	1	816188.380	2974.630557	301.2623	93.953000	210.745000	100.480000	3.150000	1.000000	54	45	0	1.000000	-636.000000	0	0	0.000000	-2.000000
19.3605	1	816189.971	2974.294708	301.2530	93.952000	210.746000	100.377000	3.150000	1.000000	55	366	1	1.000000	-644.000000	3	10	1.000000	-1.000000
19.3705	1	816191.547	2974.630557	301.2422	93.952000	210.747000	100.380000	3.150000	1.000000	56	121	1	1.000000	-635.000000	0	0	0.000000	-2.000000
19.3805	1	816193.114	2974.325270	301.2366	93.952000	210.747000	100.290000	3.150000	1.000000	57	372	0	1.000000	-648.000000	0	0	0.000000	-2.000000
19.3905	1	816194.632	2974.203117	301.2258	93.951000	210.748000	100.426000	3.150000	1.000000	58	63	13	2.000000	-649.000000	0	0	0.000000	-2.000000
19.4005	1	816196.202	2973.226225	301.2174	93.950000	210.749000	100.449000	3.150000	1.000000	59	76	93	2.000000	-669.000000	0	0	0.000000	-2.000000
19.4105	1	816197.716	2974.599996	301.2112	93.949000	210.749000	100.499000	3.150000	1.000000	60	356	181	2.000000	-639.000000	0	0	0.000000	-2.000000
19.4205	1	816199.286	2974.874769	301.1987	93.948000	210.750000	100.499000	3.150000	1.000000	61	207	0	1.000000	-653.000000	0	0	0.000000	-2.000000
