 &SRS
 SRSRUN=387288,SRSDAT=2013118,SRSTIM=4246,
 SRSSTN='BASE',SRSPRJ='GDA_BASE',SRSEXP='Emulator',
 SRSTLE='                                                            ',
 SRSCN1='        ',SRSCN2='        ',SRSCN3='        ',
<MetaDataAtStart>
cmd='scancn eta 0.01 61 BeamOK pil100k 1 roi1'
date='Sun Dec  8 04:24:04 2013'
x=10.0000
y=0.0000
z=0.0000
Year=2013
Month=12
Day= 8
Hours= 4
Minutes=24
Seconds= 4
delta=68.05812
eta=34.0291
chi= 56.84268
phi= 90.43627
gam=0.00000
mu= 0.00000
h=1.9988
k=0.0013
l=-1.0019
psi=143.04
Energy=2.8391
kphi=117.44
azih=0
azik=0
azil=1
h=1.9988
k=0.0013
l=-1.0019
beta=-54.7672
delta_axis_offset=  9.2
kphi=117.44
kap=-76.82386
kth=61.03632
kmu=    0
kdelta=68.058
kgam=    0
UB11=0.03348
UB12=-0.04519
UB13=0.06781
UB21=0.04046
UB22=-0.04973
UB23=-0.05926
UB31=0.10787
UB32=0.09939
UB33=0.00118
a=9.62465
b=9.62465
c=11.10390
alpha1=90.00000
alpha2=90.00000
alpha3=120.00000
rc=300.0914
idgap=5.8666
Uharmonic=3
s5xgap=  0.5
s5xtrans=-0.0005
s5ygap=  0.5
s5ytrans=5e-05
s6xgap=    4
s6xtrans=-0.0002
s6ygap=4.0002
s6ytrans=0.00015
stoke=0.000
tthp=65.675
thp=40.5691
zp=-14.480
ppth=0.35946
ppx=22.020
ppy=8.008
ppchi=0.000
sx=-0.50077
sy=-0.6532
sz=5.282
sperp=0.5057
spara=-0.6494
base_y= 1.68
Base_z=8.457
Base_z1=9.977
Base_z2=8.087
Base_z3=8.457
table_horiz=12.260
table_vert=1.756
Atten=0
Transmission=1
diode_gain=2
ic1_gain=2
ic2_gain=3
m1pitch=3.9602
m1x=-0.3394
m1y=5.6024
m1roll=-0.080861
m1yaw=0.34658
m1piezo=0.000
m2pitch= 3.96
m2x= 12.5
m2y=10.898
m2roll=0.43495
m2yaw=0.095673
m2bender=  365
m3x=-0.000
m4x=1.954
m3pitch=0.400
m4pitch=0.400
s1xcentre=0.802
s1xgap=0.248
s1ycentre=-0.0995
s1ygap=1.001
s2xcentre=0.96679
s2xgap=9.9981
s2ycentre=0.387
s2ygap=   26
s3xcentre=-1.645
s3xgap=24.995
s3ycentre=-1.6752
s3ygap=21.197
s4xcentre=12.999
s4xgap=24.998
s4ycentre=1.3895
s4ygap=25.004
Energy=2.8391
bragg=-43.861
dcmpitch=-10.337
dcmfinepitch=0.03079
perp=40.765
dcmlat=27.995
dcmroll1=19.944
dcmroll2=18.717
T1dcmSi111=117.08
T2dcmSi111=11.71
Tset=93.00
Ta=93.007000
Tb=210.162000
Tc=99.180000
Td=3.150000
m1y_offset=-14.586
m2y_offset=-20.29
base_z_offset=-11.731
ztable_offset=-18.433
m2_coating_offset=   11
idgap_offset=0.51871
p2x1=   60
p2y1= -102
p2ztop=-767.89
p2zbot= -800
p2rot=24.656
pilatus100k_path_template='387288-pilatus100k-files/%05d.tif'
</MetaDataAtStart>
 &END
eta	beamOK	TimeSec	ic1monitor	rc	Ta	Tb	Tc	Td	t	path	maxx	maxy	maxval	sum	roi1_maxx	roi1_maxy	roi1_maxval	roi1_sum
33.7291	1	815178.576	2972.188257	300.0757	92.988000	210.164000	99.694000	3.150000	1.000000	1	296	86	2.000000	-642.000000	0	11	1.000000	-1.000000
33.7391	1	815180.139	2971.791378	300.0709	92.985000	210.165000	99.594000	3.150000	1.000000	2	299	96	2.000000	-673.000000	9	5	1.000000	-1.000000
33.7491	1	815181.795	2971.913484	300.0581	92.983000	210.167000	99.688000	3.150000	1.000000	3	250	106	2.000000	-667.000000	8	6	2.000000	1.000000
33.7591	1	815183.355	2970.570228	300.0471	92.981000	210.170000	99.771000	3.150000	1.000000	4	88	77	2.000000	-655.000000	5	9	1.000000	-1.000000
33.7691	1	815184.930	2971.943999	300.0392	92.980000	210.171000	99.736000	3.150000	1.000000	5	427	1	1.000000	-660.000000	2	4	1.000000	-1.000000
33.7791	1	815186.493	2971.455529	300.0318	92.980000	210.173000	99.740000	3.150000	1.000000	6	108	0	1.000000	-679.000000	0	0	0.000000	-2.000000
33.7891	1	815191.316	2971.455529	300.0055	92.984000	210.178000	99.768000	3.150000	1.000000	7	386	108	2.000000	-669.000000	0	0	0.000000	-2.000000
33.7991	1	815192.862	2971.089212	299.9968	92.984000	210.178000	99.768000	3.150000	1.000000	8	38	185	3.000000	-671.000000	8	8	1.000000	0.000000
33.8091	1	815194.434	2971.425014	299.9892	92.987000	210.183000	99.910000	3.150000	1.000000	9	125	165	2.000000	-688.000000	0	0	0.000000	-2.000000
33.8191	1	815196.026	2971.272394	299.9792	92.988000	210.184000	99.938000	3.150000	1.000000	10	455	64	2.000000	-661.000000	4	13	1.000000	-1.000000
33.8291	1	815197.589	2970.081758	299.9702	92.988000	210.184000	99.938000	3.150000	1.000000	11	370	118	2.000000	-683.000000	0	0	0.000000	-2.000000
33.8391	1	815199.205	2971.760817	299.9623	92.992000	210.188000	99.913000	3.150000	1.000000	12	97	2	1.000000	-668.000000	0	0	0.000000	-2.000000
33.8491	1	815200.772	2971.089212	299.9486	92.994000	210.189000	99.847000	3.150000	1.000000	13	117	117	2.000000	-656.000000	0	7	1.000000	-1.000000
33.8591	1	815202.338	2971.852408	299.9458	92.994000	210.189000	99.847000	3.150000	1.000000	14	329	1	1.000000	-682.000000	3	8	1.000000	-1.000000
33.8691	1	815203.920	2970.906030	299.9329	92.998000	210.191000	99.845000	3.150000	1.000000	15	307	16	2.000000	-622.000000	0	13	1.000000	-1.000000
33.8791	1	815205.439	2970.844954	299.9254	93.001000	210.193000	99.790000	3.150000	1.000000	16	22	0	1.000000	-661.000000	12	9	1.000000	-1.000000
33.8891	1	815207.007	2971.577681	299.9164	93.001000	210.193000	99.852000	3.150000	1.000000	17	446	160	2.000000	-664.000000	0	0	0.000000	-2.000000
33.8991	1	815208.580	2971.333423	299.9050	93.003000	210.195000	99.928000	3.150000	1.000000	18	202	96	2.000000	-659.000000	0	0	0.000000	-2.000000
33.9091	1	815210.146	2972.096666	299.8977	93.004000	210.195000	99.978000	3.150000	1.000000	19	451	0	1.000000	-664.000000	0	0	0.000000	-2.000000
33.9191	1	815211.710	2971.425014	299.8911	93.005000	210.196000	99.941000	3.150000	1.000000	20	408	84	2.000000	-647.000000	2	13	1.000000	-1.000000
33.9291	1	815213.276	2970.112273	299.8842	93.008000	210.197000	99.941000	3.150000	1.000000	21	295	108	2.000000	-666.000000	0	0	0.000000	-2.000000
33.9391	1	815214.878	2971.241833	299.8744	93.010000	210.198000	99.844000	3.150000	1.000000	22	200	0	1.000000	-667.000000	0	0	0.000000	-2.000000
33.9491	1	815216.440	2970.417561	299.8664	93.012000	210.199000	99.878000	3.150000	1.000000	23	455	152	2.000000	-663.000000	0	0	0.000000	-2.000000
33.9591	1	815218.004	2970.906030	299.8584	93.012000	210.199000	99.878000	3.150000	1.000000	24	470	115	2.000000	-640.000000	0	0	0.000000	-2.000000
33.9691	1	815219.566	2970.264940	299.8514	93.015000	210.201000	99.908000	3.150000	1.000000	25	106	90	2.000000	-662.000000	3	2	1.000000	-1.000000
33.9791	1	815221.131	2970.875515	299.8401	93.016000	210.201000	99.918000	3.150000	1.000000	26	269	0	1.000000	-676.000000	0	0	0.000000	-2.000000
33.9891	1	815222.700	2970.173349	299.8293	93.016000	210.201000	99.918000	3.150000	1.000000	27	335	2	2.000000	-658.000000	0	0	0.000000	-2.000000
33.9991	1	815224.273	2970.448122	299.8237	93.019000	210.203000	99.778000	3.150000	1.000000	28	226	85	2.000000	-651.000000	0	0	0.000000	-2.000000
34.0091	1	815225.866	2970.661819	299.8136	93.020000	210.203000	99.822000	3.150000	1.000000	29	246	105	3.000000	-648.000000	4	5	3.000000	2.000000
34.0191	1	815227.433	2970.112273	299.8026	93.020000	210.203000	99.822000	3.150000	1.000000	30	246	106	4.000000	-651.000000	4	6	4.000000	4.000000
34.0291	1	815228.995	2970.906030	299.7945	93.023000	210.204000	99.819000	3.150000	1.000000	31	139	0	1.000000	-666.000000	5	3	1.000000	1.000000
34.0391	1	815230.555	2970.295455	299.7882	93.024000	210.205000	99.945000	3.150000	1.000000	32	36	4	2.000000	-656.000000	0	0	0.000000	-2.000000
34.0491	1	815232.119	2970.112273	299.7786	93.024000	210.205000	99.945000	3.150000	1.000000	33	297	155	2.000000	-649.000000	7	7	1.000000	-1.000000
34.0591	1	815233.687	2970.081758	299.7726	93.025000	210.207000	99.894000	3.150000	1.000000	34	329	100	2.000000	-649.000000	0	0	0.000000	-2.000000
34.0691	1	815235.255	2969.562774	299.7629	93.027000	210.207000	99.857000	3.150000	1.000000	35	346	15	2.000000	-653.000000	9	4	1.000000	-1.000000
34.0791	1	815236.818	2970.631257	299.7517	93.027000	210.207000	99.753000	3.150000	1.000000	36	447	1	1.000000	-648.000000	2	5	1.000000	-1.000000
34.0891	1	815238.376	2971.516605	299.7464	93.029000	210.208000	99.829000	3.150000	1.000000	37	237	0	1.000000	-641.000000	0	0	0.000000	-2.000000
34.0991	1	815239.954	2969.654365	299.7363	93.030000	210.209000	99.645000	3.150000	1.000000	38	357	2	1.000000	-660.000000	9	4	1.000000	-1.000000
34.1091	1	815241.481	2970.509152	299.7274	93.031000	210.209000	99.751000	3.150000	1.000000	39	193	139	2.000000	-653.000000	0	0	0.000000	-2.000000
34.1191	1	815243.053	2970.081758	299.7210	93.031000	210.209000	99.751000	3.150000	1.000000	40	433	71	2.000000	-666.000000	0	0	0.000000	-2.000000
34.1291	1	815244.576	2970.173349	299.7135	93.032000	210.210000	99.909000	3.150000	1.000000	41	484	0	1.000000	-637.000000	2	9	1.000000	-1.000000
34.1391	1	815246.141	2969.745956	299.7021	93.032000	210.211000	99.813000	3.150000	1.000000	42	18	191	2.000000	-651.000000	0	0	0.000000	-2.000000
34.1491	1	815247.730	2969.654365	299.6935	93.032000	210.211000	99.813000	3.150000	1.000000	43	159	0	1.000000	-661.000000	0	0	0.000000	-2.000000
34.1591	1	815249.299	2969.440668	299.6844	93.034000	210.212000	99.708000	3.150000	1.000000	44	243	104	2.000000	-644.000000	1	4	2.000000	0.000000
34.1691	1	815250.884	2969.226972	299.6737	93.034000	210.212000	99.794000	3.150000	1.000000	45	268	96	2.000000	-642.000000	0	0	0.000000	-2.000000
34.1791	1	815252.470	2970.051244	299.6635	93.034000	210.212000	99.794000	3.150000	1.000000	46	84	187	2.000000	-657.000000	0	0	0.000000	-2.000000
34.1891	1	815254.051	2970.020682	299.6508	93.034000	210.213000	99.812000	3.150000	1.000000	47	10	0	1.000000	-663.000000	0	0	0.000000	-2.000000
34.1991	1	815255.617	2969.104819	299.6437	93.034000	210.214000	99.904000	3.150000	1.000000	48	42	0	1.000000	-665.000000	0	0	0.000000	-2.000000
34.2091	1	815257.182	2971.516605	299.6315	93.034000	210.214000	99.904000	3.150000	1.000000	49	444	22	2.000000	-644.000000	0	0	0.000000	-2.000000
34.2191	1	815258.771	2969.898576	299.6213	93.035000	210.214000	99.589000	3.150000	1.000000	50	76	4	1.000000	-674.000000	0	0	0.000000	-2.000000
34.2291	1	815260.337	2969.623804	299.6118	93.035000	210.215000	99.644000	3.150000	1.000000	51	122	1	1.000000	-660.000000	0	0	0.000000	-2.000000
34.2391	1	815261.909	2968.707941	299.6015	93.035000	210.215000	99.666000	3.150000	1.000000	52	257	89	2.000000	-649.000000	0	0	0.000000	-2.000000
34.2491	1	815263.477	2968.891123	299.5921	93.035000	210.215000	99.827000	3.150000	1.000000	53	480	0	1.000000	-665.000000	0	0	0.000000	-2.000000
34.2591	1	815265.060	2968.372138	299.5817	93.035000	210.215000	99.816000	3.150000	1.000000	54	245	184	2.000000	-663.000000	0	0	0.000000	-2.000000
34.2691	1	815266.617	2969.501698	299.5728	93.035000	210.215000	99.842000	3.150000	1.000000	55	408	0	1.000000	-656.000000	3	8	1.000000	0.000000
34.2791	1	815268.200	2969.684880	299.5605	93.035000	210.216000	99.842000	3.150000	1.000000	56	182	0	1.000000	-663.000000	6	2	1.000000	-1.000000
34.2891	1	815269.801	2970.264940	299.5513	93.035000	210.216000	99.748000	3.150000	1.000000	57	197	0	1.000000	-660.000000	7	11	1.000000	-1.000000
34.2991	1	815271.366	2969.776471	299.5421	93.036000	210.216000	99.604000	3.150000	1.000000	58	225	104	2.000000	-666.000000	0	0	0.000000	-2.000000
34.3091	1	815272.934	2967.883669	299.5350	93.036000	210.216000	99.604000	3.150000	1.000000	59	284	98	2.000000	-650.000000	0	0	0.000000	-2.000000
34.3191	1	815274.522	2969.929091	299.5281	93.036000	210.216000	99.610000	3.150000	1.000000	60	479	115	2.000000	-680.000000	0	0	0.000000	-2.000000
34.3291	1	815276.109	2969.165896	299.5204	93.036000	210.216000	99.792000	3.150000	1.000000	61	78	0	1.000000	-683.000000	3	7	1.000000	0.000000
