 &SRS
 SRSRUN=387276,SRSDAT=2013118,SRSTIM=35740,
 SRSSTN='BASE',SRSPRJ='GDA_BASE',SRSEXP='Emulator',
 SRSTLE='                                                            ',
 SRSCN1='        ',SRSCN2='        ',SRSCN3='        ',
<MetaDataAtStart>
cmd='scancn eta 0.01 61 BeamOK pil100k 1 roi1'
date='Sun Dec  8 03:57:34 2013'
x=10.0000
y=0.0000
z=0.0000
Year=2013
Month=12
Day= 8
Hours= 3
Minutes=57
Seconds=34
delta=68.05811
eta=34.0291
chi= 56.84268
phi= 90.43627
gam=0.00000
mu= 0.00000
h=1.9988
k=0.0013
l=-1.0019
psi=143.04
Energy=2.8391
kphi=117.44
azih=0
azik=0
azil=1
h=1.9988
k=0.0013
l=-1.0019
beta=-54.7672
delta_axis_offset=  9.2
kphi=117.44
kap=-76.82386
kth=61.03632
kmu=    0
kdelta=68.058
kgam=    0
UB11=0.03348
UB12=-0.04519
UB13=0.06781
UB21=0.04046
UB22=-0.04973
UB23=-0.05926
UB31=0.10787
UB32=0.09939
UB33=0.00118
a=9.62465
b=9.62465
c=11.10390
alpha1=90.00000
alpha2=90.00000
alpha3=120.00000
rc=298.9274
idgap=5.8666
Uharmonic=3
s5xgap=  0.5
s5xtrans=-0.0005
s5ygap=  0.5
s5ytrans=5e-05
s6xgap=    4
s6xtrans=-0.0002
s6ygap=4.0002
s6ytrans=0.00015
stoke=0.000
tthp=65.675
thp=40.5691
zp=-14.480
ppth=0.35444
ppx=22.020
ppy=8.008
ppchi=0.000
sx=-0.50077
sy=-0.6532
sz=5.282
sperp=0.5057
spara=-0.6494
base_y= 1.68
Base_z=8.457
Base_z1=9.977
Base_z2=8.087
Base_z3=8.457
table_horiz=12.260
table_vert=1.756
Atten=0
Transmission=1
diode_gain=2
ic1_gain=2
ic2_gain=3
m1pitch=3.9602
m1x=-0.3394
m1y=5.6024
m1roll=-0.080861
m1yaw=0.34658
m1piezo=0.000
m2pitch= 3.96
m2x= 12.5
m2y=10.898
m2roll=0.43495
m2yaw=0.095673
m2bender=  365
m3x=-0.000
m4x=1.954
m3pitch=0.400
m4pitch=0.400
s1xcentre=0.802
s1xgap=0.248
s1ycentre=-0.0995
s1ygap=1.001
s2xcentre=0.96679
s2xgap=9.9981
s2ycentre=0.387
s2ygap=   26
s3xcentre=-1.645
s3xgap=24.995
s3ycentre=-1.6752
s3ygap=21.197
s4xcentre=12.999
s4xgap=24.998
s4ycentre=1.3895
s4ygap=25.004
Energy=2.8391
bragg=-43.861
dcmpitch=-10.328
dcmfinepitch=-0.030788
perp=40.765
dcmlat=27.995
dcmroll1=19.941
dcmroll2=18.712
T1dcmSi111=116.87
T2dcmSi111=11.68
Tset=91.00
Ta=90.985000
Tb=209.561000
Tc=97.231000
Td=3.150000
m1y_offset=-14.586
m2y_offset=-20.29
base_z_offset=-11.731
ztable_offset=-18.433
m2_coating_offset=   11
idgap_offset=0.51871
p2x1=   60
p2y1= -102
p2ztop=-767.89
p2zbot= -800
p2rot=24.656
pilatus100k_path_template='387276-pilatus100k-files/%05d.tif'
</MetaDataAtStart>
 &END
eta	beamOK	TimeSec	ic1monitor	rc	Ta	Tb	Tc	Td	t	path	maxx	maxy	maxval	sum	roi1_maxx	roi1_maxy	roi1_maxval	roi1_sum
33.7291	1	813592.424	2964.586582	298.8996	90.954000	209.563000	97.920000	3.150000	1.000000	1	49	21	2.000000	-634.000000	0	0	0.000000	-2.000000
33.7391	1	813593.951	2963.579128	298.8926	90.950000	209.565000	97.806000	3.150000	1.000000	2	377	1	1.000000	-650.000000	0	0	0.000000	-2.000000
33.7491	1	813595.523	2962.907477	298.8844	90.950000	209.566000	97.820000	3.150000	1.000000	3	320	192	2.000000	-640.000000	5	8	1.000000	-1.000000
33.7591	1	813597.097	2962.999068	298.8749	90.951000	209.566000	97.828000	3.150000	1.000000	4	372	0	1.000000	-669.000000	0	0	0.000000	-2.000000
33.7691	1	813598.698	2963.395946	298.8677	90.953000	209.568000	97.930000	3.150000	1.000000	5	324	100	2.000000	-628.000000	0	0	0.000000	-2.000000
33.7791	1	813600.271	2963.182249	298.8575	90.954000	209.568000	97.939000	3.150000	1.000000	6	464	2	1.000000	-640.000000	12	14	1.000000	-1.000000
33.7891	1	813601.797	2963.304355	298.8471	90.956000	209.569000	97.981000	3.150000	1.000000	7	472	26	2.000000	-657.000000	7	2	1.000000	-1.000000
33.7991	1	813603.397	2962.144281	298.8393	90.956000	209.569000	97.981000	3.150000	1.000000	8	37	2	1.000000	-658.000000	8	10	1.000000	-1.000000
33.8091	1	813604.982	2963.792825	298.8288	90.961000	209.571000	97.870000	3.150000	1.000000	9	83	175	2.000000	-663.000000	0	0	0.000000	-2.000000
33.8191	1	813606.551	2963.060144	298.8217	90.963000	209.571000	97.867000	3.150000	1.000000	10	439	4	1.000000	-642.000000	0	0	0.000000	-2.000000
33.8291	1	813608.121	2963.762310	298.8126	90.963000	209.571000	97.867000	3.150000	1.000000	11	430	2	1.000000	-667.000000	1	7	1.000000	-1.000000
33.8391	1	813609.690	2962.754856	298.8053	90.968000	209.573000	97.931000	3.150000	1.000000	12	422	113	3.000000	-650.000000	0	11	1.000000	-1.000000
33.8491	1	813611.263	2962.907477	298.7991	90.969000	209.574000	98.000000	3.150000	1.000000	13	328	0	1.000000	-676.000000	0	10	1.000000	-1.000000
33.8591	1	813612.834	2963.579128	298.7902	90.969000	209.574000	98.000000	3.150000	1.000000	14	441	0	1.000000	-667.000000	3	6	1.000000	-1.000000
33.8691	1	813614.423	2962.357978	298.7820	90.972000	209.575000	98.076000	3.150000	1.000000	15	467	36	2.000000	-656.000000	7	0	1.000000	1.000000
33.8791	1	813615.997	2962.174796	298.7741	90.976000	209.576000	97.961000	3.150000	1.000000	16	295	92	2.000000	-639.000000	11	3	1.000000	2.000000
33.8891	1	813617.573	2962.968553	298.7661	90.976000	209.576000	97.961000	3.150000	1.000000	17	36	104	2.000000	-663.000000	3	1	1.000000	-1.000000
33.8991	1	813619.097	2963.640204	298.7593	90.980000	209.577000	97.893000	3.150000	1.000000	18	187	173	2.000000	-650.000000	2	2	1.000000	0.000000
33.9091	1	813620.668	2964.159188	298.7480	90.984000	209.578000	97.946000	3.150000	1.000000	19	134	0	1.000000	-668.000000	0	0	0.000000	-2.000000
33.9191	1	813622.252	2961.686326	298.7391	90.984000	209.579000	97.929000	3.150000	1.000000	20	244	0	1.000000	-642.000000	1	4	1.000000	2.000000
33.9291	1	813623.824	2962.663265	298.7273	90.988000	209.580000	98.071000	3.150000	1.000000	21	110	0	1.000000	-645.000000	2	9	1.000000	1.000000
33.9391	1	813625.434	2963.151735	298.7183	90.990000	209.581000	98.040000	3.150000	1.000000	22	128	99	2.000000	-627.000000	5	1	1.000000	6.000000
33.9491	1	813627.002	2962.174796	298.7092	90.991000	209.582000	98.000000	3.150000	1.000000	23	243	103	2.000000	-629.000000	1	3	2.000000	7.000000
33.9591	1	813628.571	2962.296901	298.6997	90.994000	209.584000	97.748000	3.150000	1.000000	24	247	105	2.000000	-635.000000	5	5	2.000000	12.000000
33.9691	1	813630.208	2962.602189	298.6884	90.996000	209.585000	97.666000	3.150000	1.000000	25	57	39	2.000000	-639.000000	1	5	2.000000	23.000000
33.9791	1	813631.779	2962.449569	298.6791	90.998000	209.585000	97.744000	3.150000	1.000000	26	244	106	3.000000	-620.000000	2	6	3.000000	42.000000
33.9891	1	813633.353	2962.113766	298.6709	90.998000	209.585000	97.744000	3.150000	1.000000	27	245	106	6.000000	-580.000000	3	6	6.000000	60.000000
33.9991	1	813634.928	2962.235872	298.6577	91.002000	209.588000	97.781000	3.150000	1.000000	28	246	104	10.000000	-551.000000	4	4	10.000000	87.000000
34.0091	1	813636.521	2962.663265	298.6490	91.003000	209.589000	97.860000	3.150000	1.000000	29	246	105	34.000000	-472.000000	4	5	34.000000	170.000000
34.0191	1	813638.087	2961.625297	298.6377	91.003000	209.589000	97.860000	3.150000	1.000000	30	247	105	137.000000	-240.000000	5	5	137.000000	408.000000
34.0291	1	813639.614	2962.754856	298.6269	91.007000	209.591000	97.760000	3.150000	1.000000	31	248	105	82.000000	-306.000000	6	5	82.000000	321.000000
34.0391	1	813641.183	2962.388492	298.6172	91.009000	209.591000	97.798000	3.150000	1.000000	32	249	104	19.000000	-506.000000	7	4	19.000000	141.000000
34.0491	1	813642.756	2962.296901	298.6071	91.009000	209.591000	97.798000	3.150000	1.000000	33	249	104	4.000000	-592.000000	7	4	4.000000	61.000000
34.0591	1	813644.326	2962.266387	298.5953	91.013000	209.593000	97.791000	3.150000	1.000000	34	250	104	5.000000	-613.000000	8	4	5.000000	40.000000
34.0691	1	813645.897	2962.510645	298.5872	91.015000	209.594000	97.891000	3.150000	1.000000	35	252	103	2.000000	-627.000000	10	3	2.000000	22.000000
34.0791	1	813647.438	2962.296901	298.5787	91.015000	209.594000	97.891000	3.150000	1.000000	36	441	85	2.000000	-622.000000	9	2	1.000000	11.000000
34.0891	1	813649.032	2961.106312	298.5700	91.017000	209.596000	97.829000	3.150000	1.000000	37	411	138	2.000000	-642.000000	5	2	1.000000	9.000000
34.0991	1	813650.604	2961.625297	298.5592	91.018000	209.597000	97.691000	3.150000	1.000000	38	385	28	2.000000	-647.000000	8	2	2.000000	9.000000
34.1091	1	813652.178	2961.564221	298.5531	91.019000	209.597000	97.828000	3.150000	1.000000	39	211	0	1.000000	-647.000000	4	0	1.000000	4.000000
34.1191	1	813653.709	2961.838993	298.5438	91.022000	209.599000	97.731000	3.150000	1.000000	40	363	65	2.000000	-649.000000	6	4	1.000000	2.000000
34.1291	1	813655.277	2961.900069	298.5352	91.022000	209.600000	97.901000	3.150000	1.000000	41	356	117	2.000000	-643.000000	4	5	1.000000	0.000000
34.1391	1	813656.801	2961.808479	298.5267	91.023000	209.600000	98.003000	3.150000	1.000000	42	245	106	2.000000	-645.000000	3	6	2.000000	2.000000
34.1491	1	813658.392	2961.869508	298.5173	91.023000	209.600000	98.003000	3.150000	1.000000	43	283	111	2.000000	-632.000000	9	5	1.000000	-1.000000
34.1591	1	813659.954	2962.113766	298.5064	91.025000	209.602000	98.029000	3.150000	1.000000	44	228	103	2.000000	-659.000000	8	7	1.000000	1.000000
34.1691	1	813661.626	2961.350524	298.5005	91.025000	209.603000	97.862000	3.150000	1.000000	45	388	83	2.000000	-648.000000	10	3	1.000000	0.000000
34.1791	1	813663.217	2961.320009	298.4893	91.025000	209.603000	97.862000	3.150000	1.000000	46	114	182	2.000000	-660.000000	0	0	0.000000	-2.000000
34.1891	1	813664.794	2961.564221	298.4800	91.028000	209.605000	97.829000	3.150000	1.000000	47	178	39	2.000000	-649.000000	0	0	0.000000	-2.000000
34.1991	1	813666.336	2961.900069	298.4705	91.029000	209.605000	97.766000	3.150000	1.000000	48	145	100	2.000000	-649.000000	11	5	1.000000	1.000000
34.2091	1	813667.916	2960.862054	298.4619	91.029000	209.605000	97.766000	3.150000	1.000000	49	257	1	1.000000	-667.000000	1	5	1.000000	-1.000000
34.2191	1	813669.465	2960.984207	298.4454	91.030000	209.607000	98.059000	3.150000	1.000000	50	338	6	2.000000	-665.000000	10	3	1.000000	-1.000000
34.2291	1	813671.038	2961.045236	298.4370	91.031000	209.608000	97.992000	3.150000	1.000000	51	137	92	2.000000	-661.000000	6	7	1.000000	-1.000000
34.2391	1	813672.661	2961.136827	298.4268	91.031000	209.608000	97.992000	3.150000	1.000000	52	240	4	1.000000	-650.000000	8	9	1.000000	1.000000
34.2491	1	813674.228	2961.991614	298.4146	91.032000	209.609000	97.892000	3.150000	1.000000	53	370	0	1.000000	-639.000000	12	2	1.000000	0.000000
34.2591	1	813675.750	2961.106312	298.4061	91.033000	209.609000	97.800000	3.150000	1.000000	54	481	1	1.000000	-657.000000	0	0	0.000000	-2.000000
34.2691	1	813677.320	2961.136827	298.3948	91.033000	209.610000	97.883000	3.150000	1.000000	55	168	5	2.000000	-656.000000	9	8	2.000000	0.000000
34.2791	1	813678.892	2960.495737	298.3851	91.035000	209.611000	97.917000	3.150000	1.000000	56	362	109	2.000000	-642.000000	1	0	1.000000	1.000000
34.2891	1	813680.472	2960.282041	298.3735	91.035000	209.612000	98.038000	3.150000	1.000000	57	67	0	1.000000	-651.000000	0	0	0.000000	-2.000000
34.2991	1	813682.040	2961.045236	298.3624	91.035000	209.612000	98.022000	3.150000	1.000000	58	452	1	1.000000	-676.000000	0	0	0.000000	-2.000000
34.3091	1	813683.615	2961.289494	298.3531	91.035000	209.614000	98.022000	3.150000	1.000000	59	298	0	1.000000	-670.000000	10	4	1.000000	1.000000
34.3191	1	813685.138	2961.197903	298.3444	91.036000	209.614000	97.951000	3.150000	1.000000	60	402	58	2.000000	-675.000000	1	5	1.000000	0.000000
34.3291	1	813686.711	2960.953645	298.3358	91.037000	209.614000	97.927000	3.150000	1.000000	61	459	1	1.000000	-664.000000	0	0	0.000000	-2.000000
