 &SRS
 SRSRUN=387270,SRSDAT=2013118,SRSTIM=34432,
 SRSSTN='BASE',SRSPRJ='GDA_BASE',SRSEXP='Emulator',
 SRSTLE='                                                            ',
 SRSCN1='        ',SRSCN2='        ',SRSCN3='        ',
<MetaDataAtStart>
cmd='scancn eta 0.01 61 BeamOK pil100k 1 roi1'
date='Sun Dec  8 03:44:30 2013'
x=10.0000
y=0.0000
z=0.0000
Year=2013
Month=12
Day= 8
Hours= 3
Minutes=44
Seconds=30
delta=68.05812
eta=34.0291
chi= 56.84268
phi= 90.43627
gam=0.00000
mu= 0.00000
h=1.9988
k=0.0013
l=-1.0019
psi=143.04
Energy=2.8391
kphi=117.44
azih=0
azik=0
azil=1
h=1.9988
k=0.0013
l=-1.0019
beta=-54.7672
delta_axis_offset=  9.2
kphi=117.44
kap=-76.82386
kth=61.03632
kmu=    0
kdelta=68.058
kgam=    0
UB11=0.03348
UB12=-0.04519
UB13=0.06781
UB21=0.04046
UB22=-0.04973
UB23=-0.05926
UB31=0.10787
UB32=0.09939
UB33=0.00118
a=9.62465
b=9.62465
c=11.10390
alpha1=90.00000
alpha2=90.00000
alpha3=120.00000
rc=300.1631
idgap=5.8666
Uharmonic=3
s5xgap=  0.5
s5xtrans=-0.0005
s5ygap=  0.5
s5ytrans=5e-05
s6xgap=    4
s6xtrans=-0.0002
s6ygap=4.0002
s6ytrans=0.00015
stoke=0.000
tthp=65.675
thp=40.5691
zp=-14.480
ppth=0.35464
ppx=22.020
ppy=8.008
ppchi=0.000
sx=-0.50077
sy=-0.6532
sz=5.282
sperp=0.5057
spara=-0.6494
base_y= 1.68
Base_z=8.457
Base_z1=9.977
Base_z2=8.087
Base_z3=8.457
table_horiz=12.260
table_vert=1.756
Atten=0
Transmission=1
diode_gain=2
ic1_gain=2
ic2_gain=3
m1pitch=3.9602
m1x=-0.3394
m1y=5.6025
m1roll=-0.080861
m1yaw=0.34662
m1piezo=0.000
m2pitch= 3.96
m2x= 12.5
m2y=10.898
m2roll=0.43495
m2yaw=0.095673
m2bender=  365
m3x=-0.000
m4x=1.954
m3pitch=0.400
m4pitch=0.400
s1xcentre=0.802
s1xgap=0.248
s1ycentre=-0.0995
s1ygap=1.001
s2xcentre=0.96679
s2xgap=9.9981
s2ycentre=0.387
s2ygap=   26
s3xcentre=-1.645
s3xgap=24.995
s3ycentre=-1.6752
s3ygap=21.197
s4xcentre=12.999
s4xgap=24.998
s4ycentre=1.3895
s4ygap=25.004
Energy=2.8391
bragg=-43.861
dcmpitch=-10.338
dcmfinepitch=0.03079
perp=40.765
dcmlat=27.995
dcmroll1=19.944
dcmroll2=18.717
T1dcmSi111=116.95
T2dcmSi111=11.70
Tset=90.00
Ta=89.974000
Tb=209.264000
Tc=95.757000
Td=3.150000
m1y_offset=-14.586
m2y_offset=-20.29
base_z_offset=-11.731
ztable_offset=-18.433
m2_coating_offset=   11
idgap_offset=0.51871
p2x1=   60
p2y1= -102
p2ztop=-767.89
p2zbot= -800
p2rot=24.656
pilatus100k_path_template='387270-pilatus100k-files/%05d.tif'
</MetaDataAtStart>
 &END
eta	beamOK	TimeSec	ic1monitor	rc	Ta	Tb	Tc	Td	t	path	maxx	maxy	maxval	sum	roi1_maxx	roi1_maxy	roi1_maxval	roi1_sum
33.7291	1	812804.691	2969.806985	300.1495	89.967000	209.266000	96.814000	3.150000	1.000000	1	88	0	1.000000	-639.000000	3	7	1.000000	-1.000000
33.7391	1	812806.266	2970.051244	300.1399	89.964000	209.267000	96.884000	3.150000	1.000000	2	13	0	1.000000	-674.000000	0	0	0.000000	-2.000000
33.7491	1	812807.853	2969.623804	300.1315	89.959000	209.268000	96.884000	3.150000	1.000000	3	54	2	1.000000	-676.000000	0	0	0.000000	-2.000000
33.7591	1	812809.422	2969.837547	300.1218	89.958000	209.268000	96.938000	3.150000	1.000000	4	382	109	2.000000	-656.000000	0	0	0.000000	-2.000000
33.7691	1	812810.983	2970.509152	300.1090	89.957000	209.269000	96.919000	3.150000	1.000000	5	398	148	2.000000	-663.000000	0	0	0.000000	-2.000000
33.7791	1	812812.569	2969.440668	300.1020	89.958000	209.269000	96.919000	3.150000	1.000000	6	410	67	2.000000	-663.000000	0	0	0.000000	-2.000000
33.7891	1	812814.131	2969.165896	300.0907	89.959000	209.271000	96.852000	3.150000	1.000000	7	484	191	2.000000	-665.000000	2	11	1.000000	-1.000000
33.7991	1	812815.720	2969.776471	300.0800	89.960000	209.271000	96.862000	3.150000	1.000000	8	226	102	2.000000	-673.000000	0	0	0.000000	-2.000000
33.8091	1	812817.287	2969.257486	300.0711	89.960000	209.271000	96.862000	3.150000	1.000000	9	479	1	1.000000	-661.000000	0	0	0.000000	-2.000000
33.8191	1	812818.854	2969.837547	300.0610	89.965000	209.272000	96.958000	3.150000	1.000000	10	243	114	2.000000	-651.000000	1	14	2.000000	0.000000
33.8291	1	812820.416	2969.501698	300.0528	89.966000	209.273000	97.002000	3.150000	1.000000	11	286	0	1.000000	-668.000000	11	3	1.000000	-1.000000
33.8391	1	812821.978	2969.257486	300.0430	89.966000	209.273000	97.002000	3.150000	1.000000	12	462	102	2.000000	-660.000000	0	0	0.000000	-2.000000
33.8491	1	812823.566	2968.891123	300.0340	89.970000	209.274000	96.988000	3.150000	1.000000	13	371	163	3.000000	-648.000000	5	12	1.000000	-1.000000
33.8591	1	812825.128	2969.074305	300.0244	89.974000	209.275000	96.966000	3.150000	1.000000	14	375	0	1.000000	-645.000000	3	5	1.000000	0.000000
33.8691	1	812826.699	2970.173349	300.0183	89.974000	209.275000	96.966000	3.150000	1.000000	15	408	84	2.000000	-652.000000	4	2	1.000000	-1.000000
33.8791	1	812828.266	2968.830093	300.0088	89.978000	209.276000	97.012000	3.150000	1.000000	16	240	112	2.000000	-667.000000	1	5	1.000000	0.000000
33.8891	1	812829.844	2968.158442	300.0010	89.981000	209.276000	97.070000	3.150000	1.000000	17	351	190	2.000000	-668.000000	12	8	1.000000	-1.000000
33.8991	1	812831.418	2968.250033	299.9918	89.981000	209.277000	97.062000	3.150000	1.000000	18	317	0	1.000000	-642.000000	7	3	1.000000	-1.000000
33.9091	1	812832.983	2968.769017	299.9836	89.985000	209.278000	97.099000	3.150000	1.000000	19	417	93	2.000000	-639.000000	0	5	1.000000	1.000000
33.9191	1	812834.604	2969.043790	299.9748	89.987000	209.278000	97.021000	3.150000	1.000000	20	361	0	1.000000	-665.000000	1	3	1.000000	3.000000
33.9291	1	812836.169	2969.165896	299.9665	89.988000	209.279000	97.001000	3.150000	1.000000	21	74	0	1.000000	-672.000000	0	3	1.000000	2.000000
33.9391	1	812837.738	2968.463729	299.9553	89.992000	209.279000	97.001000	3.150000	1.000000	22	238	109	2.000000	-655.000000	0	0	1.000000	4.000000
33.9491	1	812839.306	2967.975260	299.9478	89.994000	209.280000	97.055000	3.150000	1.000000	23	239	108	2.000000	-639.000000	4	1	1.000000	10.000000
33.9591	1	812840.867	2968.860608	299.9384	89.995000	209.280000	97.024000	3.150000	1.000000	24	243	103	2.000000	-630.000000	1	3	2.000000	19.000000
33.9691	1	812842.431	2969.165896	299.9287	89.995000	209.280000	97.024000	3.150000	1.000000	25	284	98	2.000000	-644.000000	4	5	2.000000	22.000000
33.9791	1	812843.988	2968.921684	299.9188	90.001000	209.282000	97.085000	3.150000	1.000000	26	242	107	4.000000	-604.000000	0	7	4.000000	47.000000
33.9891	1	812845.570	2968.738502	299.9140	90.002000	209.282000	97.119000	3.150000	1.000000	27	247	104	5.000000	-548.000000	5	4	5.000000	88.000000
33.9991	1	812847.155	2967.395246	299.9032	90.002000	209.282000	97.119000	3.150000	1.000000	28	246	105	18.000000	-471.000000	4	5	18.000000	168.000000
34.0091	1	812848.784	2967.975260	299.8927	90.007000	209.283000	97.007000	3.150000	1.000000	29	246	105	47.000000	-321.000000	4	5	47.000000	319.000000
34.0191	1	812850.350	2969.135381	299.8873	90.009000	209.283000	96.979000	3.150000	1.000000	30	247	105	219.000000	102.000000	5	5	219.000000	744.000000
34.0291	1	812851.913	2967.700534	299.8798	90.009000	209.283000	96.979000	3.150000	1.000000	31	248	105	135.000000	-124.000000	6	5	135.000000	518.000000
34.0391	1	812853.480	2968.463729	299.8702	90.011000	209.284000	97.040000	3.150000	1.000000	32	249	104	34.000000	-405.000000	7	4	34.000000	252.000000
34.0491	1	812855.046	2968.555320	299.8641	90.013000	209.285000	97.120000	3.150000	1.000000	33	250	104	15.000000	-523.000000	8	4	15.000000	150.000000
34.0591	1	812856.628	2967.822639	299.8533	90.013000	209.285000	97.021000	3.150000	1.000000	34	250	103	3.000000	-589.000000	8	3	3.000000	62.000000
34.0691	1	812858.290	2967.395246	299.8461	90.016000	209.285000	96.975000	3.150000	1.000000	35	250	107	4.000000	-593.000000	8	7	4.000000	50.000000
34.0791	1	812859.855	2967.364685	299.8328	90.018000	209.286000	96.935000	3.150000	1.000000	36	251	99	2.000000	-636.000000	7	2	2.000000	24.000000
34.0891	1	812861.422	2968.341624	299.8240	90.018000	209.286000	96.977000	3.150000	1.000000	37	250	99	2.000000	-622.000000	7	6	2.000000	16.000000
34.0991	1	812862.987	2967.761563	299.8169	90.021000	209.287000	96.971000	3.150000	1.000000	38	251	104	3.000000	-636.000000	9	4	3.000000	16.000000
34.1091	1	812864.559	2967.486790	299.8062	90.022000	209.287000	97.073000	3.150000	1.000000	39	252	104	2.000000	-647.000000	10	4	2.000000	8.000000
34.1191	1	812866.125	2967.608943	299.7993	90.022000	209.287000	97.067000	3.150000	1.000000	40	471	0	1.000000	-641.000000	11	4	1.000000	3.000000
34.1291	1	812867.731	2967.669972	299.7891	90.023000	209.288000	97.067000	3.150000	1.000000	41	249	108	2.000000	-645.000000	7	8	2.000000	3.000000
34.1391	1	812869.310	2968.646911	299.7812	90.024000	209.288000	96.902000	3.150000	1.000000	42	52	79	2.000000	-649.000000	5	2	1.000000	7.000000
34.1491	1	812870.826	2967.731049	299.7743	90.025000	209.289000	96.887000	3.150000	1.000000	43	255	108	2.000000	-656.000000	6	2	1.000000	1.000000
34.1591	1	812872.391	2968.158442	299.7677	90.025000	209.289000	96.887000	3.150000	1.000000	44	255	100	2.000000	-660.000000	0	0	0.000000	-2.000000
34.1691	1	812873.962	2967.395246	299.7607	90.027000	209.290000	96.930000	3.150000	1.000000	45	78	131	2.000000	-628.000000	5	8	1.000000	1.000000
34.1791	1	812875.527	2966.509898	299.7499	90.027000	209.290000	96.975000	3.150000	1.000000	46	184	5	1.000000	-665.000000	0	0	0.000000	-2.000000
34.1891	1	812877.093	2967.059397	299.7433	90.027000	209.290000	96.975000	3.150000	1.000000	47	51	157	2.000000	-665.000000	2	2	1.000000	1.000000
34.1991	1	812878.681	2968.158442	299.7351	90.029000	209.291000	97.030000	3.150000	1.000000	48	317	150	2.000000	-638.000000	7	4	1.000000	2.000000
34.2091	1	812880.244	2966.876215	299.7251	90.030000	209.292000	96.974000	3.150000	1.000000	49	199	153	2.000000	-656.000000	0	0	0.000000	-2.000000
34.2191	1	812881.814	2967.639458	299.7143	90.030000	209.292000	96.974000	3.150000	1.000000	50	414	0	1.000000	-624.000000	3	4	1.000000	2.000000
34.2291	1	812883.379	2966.357231	299.7054	90.032000	209.293000	96.884000	3.150000	1.000000	51	274	96	2.000000	-645.000000	6	8	1.000000	1.000000
34.2391	1	812884.952	2966.784671	299.6980	90.033000	209.294000	96.914000	3.150000	1.000000	52	294	55	3.000000	-656.000000	0	2	1.000000	1.000000
34.2491	1	812886.521	2968.127927	299.6840	90.033000	209.294000	96.944000	3.150000	1.000000	53	241	181	2.000000	-646.000000	10	10	1.000000	0.000000
34.2591	1	812888.115	2967.761563	299.6768	90.034000	209.295000	97.059000	3.150000	1.000000	54	23	0	1.000000	-648.000000	7	1	1.000000	2.000000
34.2691	1	812889.716	2967.089959	299.6653	90.034000	209.296000	97.048000	3.150000	1.000000	55	386	0	1.000000	-660.000000	11	5	1.000000	-1.000000
34.2791	1	812891.289	2966.998368	299.6566	90.034000	209.297000	97.021000	3.150000	1.000000	56	293	0	1.000000	-670.000000	0	0	0.000000	-2.000000
34.2891	1	812892.859	2966.418307	299.6438	90.035000	209.298000	97.021000	3.150000	1.000000	57	133	0	1.000000	-651.000000	0	0	0.000000	-2.000000
34.2991	1	812894.420	2967.212064	299.6368	90.035000	209.299000	96.959000	3.150000	1.000000	58	480	0	1.000000	-660.000000	9	4	1.000000	-1.000000
34.3091	1	812895.988	2966.754110	299.6234	90.036000	209.299000	96.879000	3.150000	1.000000	59	188	0	1.000000	-664.000000	0	0	0.000000	-2.000000
34.3191	1	812897.515	2966.937291	299.6182	90.036000	209.299000	96.879000	3.150000	1.000000	60	16	4	1.000000	-665.000000	0	0	0.000000	-2.000000
34.3291	1	812899.078	2967.395246	299.6039	90.036000	209.302000	96.999000	3.150000	1.000000	61	226	0	1.000000	-654.000000	0	0	0.000000	-2.000000
