 &SRS
 SRSRUN=387301,SRSDAT=2013118,SRSTIM=45238,
 SRSSTN='BASE',SRSPRJ='GDA_BASE',SRSEXP='Emulator',
 SRSTLE='                                                            ',
 SRSCN1='        ',SRSCN2='        ',SRSCN3='        ',
<MetaDataAtStart>
cmd='scancn eta 0.01 61 BeamOK pil100k 1 roi1'
date='Sun Dec  8 04:52:33 2013'
x=10.0000
y=0.0000
z=0.0000
Year=2013
Month=12
Day= 8
Hours= 4
Minutes=52
Seconds=33
delta=38.24109
eta=19.1205
chi= 41.09686
phi= 175.27096
gam=0.00000
mu= 0.00000
h=0.0025
k=1.0012
l=-0.9957
psi=42.223
Energy=2.8391
kphi=193.6
azih=0
azik=0
azil=1
h=0.0025
k=1.0012
l=-0.9957
beta=21.4162
delta_axis_offset=  9.2
kphi=193.6
kap=-54.54160
kth=37.45330
kmu=    0
kdelta=38.241
kgam=    0
UB11=0.03348
UB12=-0.04519
UB13=0.06781
UB21=0.04046
UB22=-0.04973
UB23=-0.05926
UB31=0.10787
UB32=0.09939
UB33=0.00118
a=9.62465
b=9.62465
c=11.10390
alpha1=90.00000
alpha2=90.00000
alpha3=120.00000
rc=300.8452
idgap=5.8666
Uharmonic=3
s5xgap=  0.5
s5xtrans=-0.0005
s5ygap=  0.5
s5ytrans=5e-05
s6xgap=    4
s6xtrans=-0.0002
s6ygap=4.0002
s6ytrans=0.00015
stoke=0.000
tthp=65.675
thp=40.5691
zp=-14.480
ppth=0.35528
ppx=22.020
ppy=8.008
ppchi=0.000
sx=-0.50077
sy=-0.6532
sz=5.282
sperp=0.6923
spara=0.4452
base_y= 1.68
Base_z=8.457
Base_z1=9.977
Base_z2=8.087
Base_z3=8.457
table_horiz=12.260
table_vert=1.756
Atten=0
Transmission=1
diode_gain=2
ic1_gain=2
ic2_gain=3
m1pitch=3.9602
m1x=-0.3394
m1y=5.6025
m1roll=-0.080719
m1yaw=0.3466
m1piezo=0.000
m2pitch= 3.96
m2x= 12.5
m2y=10.898
m2roll=0.43509
m2yaw=0.095653
m2bender=  365
m3x=-0.000
m4x=1.954
m3pitch=0.400
m4pitch=0.400
s1xcentre=0.802
s1xgap=0.248
s1ycentre=-0.0995
s1ygap=1.001
s2xcentre=0.96679
s2xgap=9.9981
s2ycentre=0.387
s2ygap=   26
s3xcentre=-1.645
s3xgap=24.995
s3ycentre=-1.6752
s3ygap=21.197
s4xcentre=12.999
s4xgap=24.998
s4ycentre=1.3895
s4ygap=25.004
Energy=2.8391
bragg=-43.861
dcmpitch=-10.335
dcmfinepitch=0.010263
perp=40.765
dcmlat=27.995
dcmroll1=19.944
dcmroll2=18.714
T1dcmSi111=116.95
T2dcmSi111=11.70
Tset=95.00
Ta=95.020000
Tb=210.996000
Tc=101.163000
Td=3.150000
m1y_offset=-14.586
m2y_offset=-20.29
base_z_offset=-11.731
ztable_offset=-18.433
m2_coating_offset=   11
idgap_offset=0.51871
p2x1=   60
p2y1= -102
p2ztop=-767.89
p2zbot= -800
p2rot=24.656
pilatus100k_path_template='387301-pilatus100k-files/%05d.tif'
</MetaDataAtStart>
 &END
eta	beamOK	TimeSec	ic1monitor	rc	Ta	Tb	Tc	Td	t	path	maxx	maxy	maxval	sum	roi1_maxx	roi1_maxy	roi1_maxval	roi1_sum
18.8205	1	816891.090	2973.195710	300.8175	95.022000	210.999000	101.353000	3.150000	1.000000	1	384	3	1.000000	-640.000000	0	0	0.000000	-2.000000
18.8305	1	816892.608	2972.493544	300.8065	95.022000	211.000000	101.440000	3.150000	1.000000	2	486	0	1.000000	-632.000000	0	0	0.000000	-2.000000
18.8405	1	816894.181	2972.646165	300.7932	95.023000	211.002000	101.526000	3.150000	1.000000	3	459	102	2.000000	-636.000000	0	0	0.000000	-2.000000
18.8505	1	816895.719	2972.951452	300.7878	95.023000	211.003000	101.571000	3.150000	1.000000	4	6	85	2.000000	-643.000000	0	0	0.000000	-2.000000
18.8605	1	816897.316	2971.852408	300.7792	95.023000	211.004000	101.547000	3.150000	1.000000	5	348	101	3.000000	-618.000000	0	0	0.000000	-2.000000
18.8705	1	816898.888	2972.005075	300.7711	95.022000	211.004000	101.547000	3.150000	1.000000	6	161	10	2.000000	-639.000000	0	0	0.000000	-2.000000
18.8805	1	816900.407	2972.524059	300.7615	95.021000	211.008000	101.435000	3.150000	1.000000	7	83	95	2.000000	-653.000000	0	0	0.000000	-2.000000
18.8905	1	816902.000	2972.432468	300.7539	95.021000	211.009000	101.341000	3.150000	1.000000	8	77	0	1.000000	-621.000000	0	0	0.000000	-2.000000
18.9005	1	816903.571	2971.821893	300.7475	95.021000	211.009000	101.341000	3.150000	1.000000	9	67	63	2.000000	-657.000000	0	0	0.000000	-2.000000
18.9105	1	816905.088	2972.829347	300.7384	95.021000	211.013000	101.423000	3.150000	1.000000	10	201	13	2.000000	-608.000000	1	11	1.000000	-1.000000
18.9205	1	816906.661	2971.150242	300.7332	95.021000	211.014000	101.487000	3.150000	1.000000	11	94	0	1.000000	-621.000000	0	0	0.000000	-2.000000
18.9305	1	816908.197	2972.646165	300.7224	95.021000	211.014000	101.487000	3.150000	1.000000	12	39	129	2.000000	-652.000000	0	0	0.000000	-2.000000
18.9405	1	816909.765	2972.157695	300.7156	95.019000	211.017000	101.583000	3.150000	1.000000	13	29	113	2.000000	-637.000000	0	0	0.000000	-2.000000
18.9505	1	816911.340	2972.615650	300.7062	95.018000	211.019000	101.544000	3.150000	1.000000	14	28	110	2.000000	-634.000000	9	1	1.000000	-1.000000
18.9605	1	816912.931	2972.524059	300.6965	95.018000	211.019000	101.544000	3.150000	1.000000	15	378	109	2.000000	-632.000000	0	0	0.000000	-2.000000
18.9705	1	816914.505	2971.852408	300.6868	95.017000	211.022000	101.488000	3.150000	1.000000	16	331	1	1.000000	-630.000000	0	0	0.000000	-2.000000
18.9805	1	816916.092	2972.279848	300.6796	95.016000	211.024000	101.453000	3.150000	1.000000	17	310	99	2.000000	-639.000000	0	0	0.000000	-2.000000
18.9905	1	816917.664	2971.302909	300.6677	95.016000	211.024000	101.537000	3.150000	1.000000	18	476	4	2.000000	-607.000000	0	0	0.000000	-2.000000
19.0005	1	816919.179	2971.333423	300.6587	95.013000	211.026000	101.617000	3.150000	1.000000	19	9	120	3.000000	-637.000000	0	0	0.000000	-2.000000
19.0105	1	816920.779	2972.127181	300.6466	95.011000	211.027000	101.618000	3.150000	1.000000	20	147	0	1.000000	-645.000000	0	0	0.000000	-2.000000
19.0205	1	816922.367	2972.035590	300.6365	95.011000	211.028000	101.660000	3.150000	1.000000	21	79	2	1.000000	-642.000000	0	0	0.000000	-2.000000
19.0305	1	816923.998	2973.073558	300.6250	95.008000	211.031000	101.660000	3.150000	1.000000	22	457	0	1.000000	-635.000000	0	0	0.000000	-2.000000
19.0405	1	816925.588	2972.066104	300.6161	95.007000	211.032000	101.551000	3.150000	1.000000	23	171	0	1.000000	-641.000000	0	0	0.000000	-2.000000
19.0505	1	816927.163	2972.066104	300.6089	95.006000	211.033000	101.573000	3.150000	1.000000	24	463	32	2.000000	-646.000000	1	11	1.000000	-1.000000
19.0605	1	816928.684	2972.462983	300.5977	95.006000	211.033000	101.573000	3.150000	1.000000	25	241	113	2.000000	-639.000000	0	0	0.000000	-2.000000
19.0705	1	816930.258	2971.302909	300.5873	95.001000	211.036000	101.603000	3.150000	1.000000	26	241	112	2.000000	-633.000000	0	13	2.000000	3.000000
19.0805	1	816931.778	2970.539666	300.5744	95.000000	211.037000	101.657000	3.150000	1.000000	27	357	0	1.000000	-613.000000	1	1	1.000000	9.000000
19.0905	1	816933.375	2971.333423	300.5676	95.000000	211.037000	101.657000	3.150000	1.000000	28	244	110	2.000000	-624.000000	2	10	2.000000	10.000000
19.1005	1	816934.966	2970.448122	300.5590	94.996000	211.039000	101.610000	3.150000	1.000000	29	245	111	3.000000	-627.000000	3	11	3.000000	10.000000
19.1105	1	816936.538	2971.394500	300.5487	94.995000	211.041000	101.553000	3.150000	1.000000	30	82	11	2.000000	-632.000000	5	13	2.000000	12.000000
19.1205	1	816938.074	2971.302909	300.5402	94.995000	211.041000	101.553000	3.150000	1.000000	31	247	111	2.000000	-618.000000	5	11	2.000000	7.000000
19.1305	1	816939.659	2971.058697	300.5306	94.993000	211.043000	101.586000	3.150000	1.000000	32	312	21	2.000000	-645.000000	4	8	2.000000	11.000000
19.1405	1	816941.230	2970.387046	300.5221	94.991000	211.044000	101.519000	3.150000	1.000000	33	247	109	3.000000	-603.000000	5	9	3.000000	12.000000
19.1505	1	816942.744	2971.394500	300.5106	94.991000	211.045000	101.555000	3.150000	1.000000	34	276	1	1.000000	-626.000000	4	6	1.000000	15.000000
19.1605	1	816944.333	2970.570228	300.5038	94.987000	211.046000	101.609000	3.150000	1.000000	35	15	155	2.000000	-613.000000	3	6	1.000000	8.000000
19.1705	1	816945.944	2971.150242	300.4968	94.985000	211.047000	101.551000	3.150000	1.000000	36	250	111	2.000000	-636.000000	8	11	2.000000	4.000000
19.1805	1	816947.516	2970.875515	300.4872	94.984000	211.047000	101.504000	3.150000	1.000000	37	102	0	1.000000	-638.000000	5	4	1.000000	3.000000
19.1905	1	816949.090	2971.028136	300.4775	94.981000	211.049000	101.504000	3.150000	1.000000	38	249	107	2.000000	-645.000000	7	7	2.000000	5.000000
19.2005	1	816950.612	2971.577681	300.4667	94.980000	211.050000	101.451000	3.150000	1.000000	39	94	1	1.000000	-618.000000	1	7	1.000000	4.000000
19.2105	1	816952.177	2971.058697	300.4574	94.979000	211.050000	101.543000	3.150000	1.000000	40	453	1	1.000000	-611.000000	7	3	1.000000	3.000000
19.2205	1	816953.775	2970.692333	300.4471	94.979000	211.050000	101.543000	3.150000	1.000000	41	38	0	1.000000	-619.000000	7	0	1.000000	5.000000
19.2305	1	816955.396	2970.203864	300.4372	94.974000	211.052000	101.547000	3.150000	1.000000	42	385	36	2.000000	-612.000000	0	5	1.000000	1.000000
19.2405	1	816956.985	2969.959653	300.4274	94.973000	211.053000	101.515000	3.150000	1.000000	43	429	13	2.000000	-632.000000	5	3	1.000000	-1.000000
19.2505	1	816958.573	2970.264940	300.4168	94.973000	211.053000	101.515000	3.150000	1.000000	44	83	0	1.000000	-643.000000	6	0	1.000000	0.000000
19.2605	1	816960.145	2970.509152	300.4048	94.970000	211.055000	101.341000	3.150000	1.000000	45	478	48	2.000000	-625.000000	4	3	1.000000	-1.000000
19.2705	1	816961.662	2970.234379	300.3945	94.968000	211.055000	101.452000	3.150000	1.000000	46	420	156	2.000000	-610.000000	9	9	1.000000	1.000000
19.2805	1	816963.237	2970.936545	300.3836	94.968000	211.055000	101.452000	3.150000	1.000000	47	391	147	2.000000	-636.000000	8	5	1.000000	0.000000
19.2905	1	816964.810	2969.837547	300.3748	94.966000	211.056000	101.523000	3.150000	1.000000	48	277	1	1.000000	-615.000000	10	7	1.000000	-1.000000
19.3005	1	816966.325	2970.997621	300.3670	94.963000	211.057000	101.534000	3.150000	1.000000	49	56	123	2.000000	-647.000000	10	9	1.000000	-1.000000
19.3105	1	816967.921	2970.814439	300.3553	94.963000	211.057000	101.534000	3.150000	1.000000	50	30	98	2.000000	-627.000000	0	0	0.000000	-2.000000
19.3205	1	816969.499	2968.738502	300.3456	94.961000	211.058000	101.386000	3.150000	1.000000	51	26	2	1.000000	-654.000000	0	0	0.000000	-2.000000
19.3305	1	816971.016	2970.875515	300.3335	94.960000	211.058000	101.347000	3.150000	1.000000	52	127	0	1.000000	-641.000000	6	1	1.000000	1.000000
19.3405	1	816972.604	2970.661819	300.3236	94.959000	211.059000	101.328000	3.150000	1.000000	53	268	0	1.000000	-640.000000	0	0	0.000000	-2.000000
19.3505	1	816974.176	2969.623804	300.3141	94.957000	211.059000	101.378000	3.150000	1.000000	54	439	1	1.000000	-664.000000	0	0	0.000000	-2.000000
19.3605	1	816975.700	2969.593289	300.3012	94.956000	211.059000	101.428000	3.150000	1.000000	55	271	3	1.000000	-634.000000	0	0	0.000000	-2.000000
19.3705	1	816977.269	2970.539666	300.2926	94.955000	211.059000	101.460000	3.150000	1.000000	56	13	0	1.000000	-613.000000	0	0	0.000000	-2.000000
19.3805	1	816978.802	2969.837547	300.2826	94.953000	211.059000	101.460000	3.150000	1.000000	57	12	1	1.000000	-634.000000	0	0	0.000000	-2.000000
19.3905	1	816980.392	2969.959653	300.2745	94.952000	211.060000	101.363000	3.150000	1.000000	58	1	120	3.000000	-633.000000	0	0	0.000000	-2.000000
19.4005	1	816981.912	2970.356531	300.2687	94.952000	211.060000	101.367000	3.150000	1.000000	59	281	31	2.000000	-632.000000	0	0	0.000000	-2.000000
19.4105	1	816983.504	2969.959653	300.2599	94.952000	211.060000	101.367000	3.150000	1.000000	60	274	96	2.000000	-644.000000	0	0	0.000000	-2.000000
19.4205	1	816985.090	2970.509152	300.2542	94.949000	211.060000	101.304000	3.150000	1.000000	61	433	54	2.000000	-630.000000	0	0	0.000000	-2.000000
