 &SRS
 SRSRUN=393977,SRSDAT=2014018,SRSTIM=103036,
 SRSSTN='BASE',SRSPRJ='GDA_BASE',SRSEXP='Emulator',
 SRSTLE='                                                            ',
 SRSCN1='        ',SRSCN2='        ',SRSCN3='        ',
<MetaDataAtStart>
cmd='scancn eta 0.01 51 pil100k 4 roi1'
date='Sat Jan 18 10:30:27 2014'
x=0.0000
y=0.0000
z=0.0000
Year=2014
Month= 1
Day=18
Hours=10
Minutes=30
Seconds=27
delta=72.47777
eta=38.2851
chi= 88.87098
phi= 150.00000
gam=0.00000
mu= 0.00000
h=-0.0000
k=-0.0000
l=3.0000
psi=88.274
Energy=2.8395
kphi=205.36
azih=1
azik=0
azil=0
h=-0.0000
k=-0.0000
l=3.0000
beta=1.3917
delta_axis_offset=  9.2
kphi=205.36
kap=-132.10653
kth=93.64366
kmu=    0
kdelta=72.478
kgam=    0
UB11=0.10195
UB12=0.10547
UB13=-0.00315
UB21=-0.06303
UB22=0.05677
UB23=-0.00190
UB31=0.00223
UB32=0.00488
UB33=0.09018
a=9.63222
b=9.63222
c=11.07939
alpha1=90.00000
alpha2=90.00000
alpha3=120.00000
rc=301.2487
idgap=5.862
Uharmonic=3
s5xgap=  0.5
s5xtrans=0.00025
s5ygap=0.4996
s5ytrans=0.0003
s6xgap=4.9996
s6xtrans=0.00035
s6ygap=4.9994
s6ytrans=0.155
stoke=90.000
tthp=66.613
thp=40.8257
zp=-13.905
ppth=0.49790
ppx=22.020
ppy=8.008
ppchi=0.000
sx=-1.0752
sy=0.25902
sz=8.8365
sperp=0.3133
spara=1.0606
base_y= 1.87
Base_z=8.470
Base_z1=9.990
Base_z2=8.100
Base_z3=8.470
table_horiz=12.050
table_vert=1.762
Atten=0
Transmission=1
diode_gain=2
ic1_gain=2
ic2_gain=2
m1pitch=3.9596
m1x=-0.33942
m1y=5.6081
m1roll=-0.075585
m1yaw=0.34763
m1piezo=0.000
m2pitch= 3.96
m2x= 11.5
m2y=10.904
m2roll=0.43024
m2yaw=0.095653
m2bender=  450
m3x=-0.001
m4x=2.200
m3pitch=0.449
m4pitch=0.449
s1xcentre=0.8025
s1xgap=0.247
s1ycentre=-0.099
s1ygap=    1
s2xcentre=0.96679
s2xgap=9.9981
s2ycentre=0.3865
s2ygap=   30
s3xcentre=-1.6447
s3xgap=24.996
s3ycentre=-1.675
s3ygap=21.198
s4xcentre=12.999
s4xgap=24.998
s4ycentre=1.3895
s4ygap=25.004
shtr3x=11.27
shtr3y=4.24
Energy=2.8395
bragg=-43.853
dcmpitch=-10.34
dcmfinepitch=0.010263
perp=40.765
dcmlat=27.995
dcmroll1=19.941
dcmroll2=18.714
T1dcmSi111=119.80
T2dcmSi111=11.71
Tset=150.00
Ta=149.999000
Tb=151.538000
Tc=3.150000
Td=3.150000
m1y_offset=-14.583
m2y_offset=-20.288
base_z_offset=-11.725
ztable_offset=-18.43
m2_coating_offset=   11
idgap_offset=0.52412
p2x1=   60
p2y1= -102
p2ztop=-767.89
p2zbot= -800
p2rot=22.813
kbm1_x= 199.45300
kbm1_y= 124.81881
kbm1_z= 158.08439
kbm1_alpha1=  -0.08595
kbm1_alpha2=  -0.09949
kbm1_alpha3=  -0.03979
kbmbaseX1=0.077025
kbmbaseX2=0.081425
kbmbaseX3=-0.1865
kbmbaseY1=0.26743
kbmbaseY2=0.14138
kbmbaseY3=    0
pilatus100k_path_template='393977-pilatus100k-files/%05d.tif'
</MetaDataAtStart>
 &END
eta	TimeSec	ic1monitor	rc	t	path	maxx	maxy	maxval	sum	roi1_maxx	roi1_maxy	roi1_maxval	roi1_sum
38.0351	854725.089	2333.557177	301.2049	4.000000	1	319	49	2.000000	-394.000000	4	4	1.000000	0.000000
38.0451	854729.667	2332.366542	301.1850	4.000000	2	392	75	2.000000	-348.000000	0	0	0.000000	-2.000000
38.0551	854734.248	2332.336027	301.1674	4.000000	3	406	35	2.000000	-347.000000	0	0	0.000000	-2.000000
38.0651	854738.826	2332.702391	301.1407	4.000000	4	462	12	2.000000	-393.000000	7	6	1.000000	0.000000
38.0751	854743.412	2331.206468	301.1162	4.000000	5	79	40	2.000000	-401.000000	0	0	0.000000	-2.000000
38.0851	854747.985	2331.755967	301.0919	4.000000	6	234	48	2.000000	-350.000000	0	0	0.000000	-2.000000
38.0951	854752.563	2332.183360	301.0639	4.000000	7	427	65	2.000000	-407.000000	0	0	0.000000	-2.000000
38.1051	854757.139	2331.328573	301.0420	4.000000	8	411	62	2.000000	-388.000000	4	1	1.000000	0.000000
38.1151	854761.709	2330.351634	301.0202	4.000000	9	286	3	2.000000	-353.000000	0	4	1.000000	-1.000000
38.1251	854766.296	2331.267497	300.9967	4.000000	10	326	8	2.000000	-385.000000	0	0	0.000000	-2.000000
38.1351	854770.874	2331.572785	300.9795	4.000000	11	279	96	2.000000	-373.000000	0	0	0.000000	-2.000000
38.1451	854775.466	2331.328573	300.9592	4.000000	12	287	16	2.000000	-357.000000	0	3	1.000000	0.000000
38.1551	854780.057	2329.680030	300.9388	4.000000	13	341	109	2.000000	-374.000000	11	11	1.000000	-1.000000
38.1651	854784.630	2330.779074	300.9181	4.000000	14	66	67	2.000000	-368.000000	0	9	1.000000	1.000000
38.1751	854789.206	2329.863211	300.8945	4.000000	15	402	122	2.000000	-375.000000	0	0	0.000000	-2.000000
38.1851	854793.789	2329.405257	300.8727	4.000000	16	34	46	2.000000	-363.000000	0	0	0.000000	-2.000000
38.1951	854798.387	2328.916787	300.8540	4.000000	17	271	111	2.000000	-367.000000	0	0	0.000000	-2.000000
38.2051	854803.001	2330.199014	300.8344	4.000000	18	34	88	3.000000	-356.000000	1	10	1.000000	-1.000000
38.2151	854807.580	2329.771621	300.8156	4.000000	19	210	35	2.000000	-369.000000	0	0	0.000000	-2.000000
38.2251	854812.172	2330.046347	300.7939	4.000000	20	50	52	2.000000	-389.000000	0	3	1.000000	1.000000
38.2351	854816.797	2329.710544	300.7709	4.000000	21	10	80	2.000000	-397.000000	9	1	1.000000	-1.000000
38.2451	854821.390	2329.435772	300.7495	4.000000	22	318	25	2.000000	-327.000000	0	0	0.000000	-2.000000
38.2551	854826.026	2329.435772	300.7314	4.000000	23	266	68	2.000000	-395.000000	1	1	1.000000	-1.000000
38.2651	854830.617	2328.916787	300.7103	4.000000	24	318	20	2.000000	-392.000000	1	0	1.000000	0.000000
38.2751	854835.195	2328.886273	300.6908	4.000000	25	229	94	2.000000	-395.000000	1	1	2.000000	1.000000
38.2851	854839.770	2330.015832	300.6650	4.000000	26	235	99	3.000000	-353.000000	1	0	3.000000	5.000000
38.2951	854844.344	2328.519909	300.6388	4.000000	27	235	99	10.000000	-361.000000	1	0	10.000000	28.000000
38.3051	854848.957	2328.489394	300.6213	4.000000	28	235	99	36.000000	-275.000000	1	0	36.000000	73.000000
38.3151	854853.528	2329.252636	300.5948	4.000000	29	235	99	4.000000	-389.000000	1	0	4.000000	14.000000
38.3251	854858.138	2327.970410	300.5689	4.000000	30	454	87	4.000000	-340.000000	1	1	2.000000	6.000000
38.3351	854862.714	2328.000925	300.5451	4.000000	31	461	52	2.000000	-373.000000	1	1	1.000000	4.000000
38.3451	854867.292	2327.756713	300.5205	4.000000	32	154	123	3.000000	-378.000000	8	10	1.000000	-1.000000
38.3551	854871.884	2327.207214	300.5000	4.000000	33	268	96	2.000000	-369.000000	0	0	0.000000	-2.000000
38.3651	854876.464	2329.069454	300.4819	4.000000	34	333	127	2.000000	-366.000000	1	2	1.000000	0.000000
38.3751	854881.044	2328.153592	300.4597	4.000000	35	439	3	2.000000	-338.000000	0	0	0.000000	-2.000000
38.3851	854885.618	2326.932441	300.4364	4.000000	36	377	110	2.000000	-401.000000	6	2	1.000000	0.000000
38.3951	854890.197	2326.657668	300.4099	4.000000	37	277	140	2.000000	-405.000000	0	0	0.000000	-2.000000
38.4051	854894.784	2326.352381	300.3872	4.000000	38	386	1	3.000000	-405.000000	12	2	1.000000	1.000000
38.4151	854899.360	2327.634607	300.3608	4.000000	39	421	131	2.000000	-403.000000	11	4	1.000000	1.000000
38.4251	854903.970	2325.375489	300.3369	4.000000	40	196	18	2.000000	-383.000000	6	10	1.000000	0.000000
38.4351	854908.559	2326.627154	300.3105	4.000000	41	460	46	2.000000	-414.000000	12	5	1.000000	-1.000000
38.4451	854913.179	2326.962956	300.2881	4.000000	42	238	92	2.000000	-412.000000	0	0	0.000000	-2.000000
38.4551	854917.795	2325.406003	300.2666	4.000000	43	423	3	2.000000	-360.000000	2	5	1.000000	-1.000000
38.4651	854922.372	2325.589185	300.2488	4.000000	44	359	22	2.000000	-412.000000	7	5	1.000000	0.000000
38.4751	854926.953	2325.528109	300.2275	4.000000	45	448	3	2.000000	-416.000000	0	0	0.000000	-2.000000
38.4851	854931.527	2325.039640	300.2086	4.000000	46	486	16	2.000000	-398.000000	2	9	1.000000	-1.000000
38.4951	854936.112	2325.467033	300.1852	4.000000	47	463	84	2.000000	-384.000000	6	3	1.000000	0.000000
38.5051	854940.687	2324.978610	300.1612	4.000000	48	329	8	2.000000	-371.000000	3	7	1.000000	-1.000000
38.5151	854945.276	2324.642761	300.1344	4.000000	49	202	97	2.000000	-405.000000	6	7	1.000000	-1.000000
38.5251	854949.870	2323.940595	300.1144	4.000000	50	310	98	2.000000	-448.000000	0	0	0.000000	-2.000000
38.5351	854954.458	2325.192307	300.0891	4.000000	51	261	36	2.000000	-410.000000	10	9	1.000000	0.000000
