 &SRS
 SRSRUN=571489,SRSDAT=201623,SRSTIM=225450,
 SRSSTN='BASE',SRSPRJ='GDA_BASE',SRSEXP='Emulator',
 SRSTLE='                                                            ',
 SRSCN1='        ',SRSCN2='        ',SRSCN3='        ',
<MetaDataAtStart>
cmd='scancn hkl [0.0, 0.0, 0.001] 61 pil100k 5 BeamOK roi1 roib1 roib2 roi2'
date='Wed Feb  3 22:54:40 2016'
ppth=0.00002
ppx=21.000
ppy=4.000
ppchi=-0.010
p2x1=    5
p2y1=-267.85
p2ztop=  -80
p2zbot= -950
p2rot=33.374
s1xcentre=-0.002
s1xgap=    2
s1ycentre=0.0015
s1ygap=1.252
s2xcentre=-0.00081875
s2xgap=   20
s2ycentre=-0.0015
s2ygap=   22
s3xcentre=0.00025
s3xgap=28.999
s3ycentre=-0.0005
s3ygap=   27
s4xcentre=-5.9968
s4xgap=   28
s4ycentre=-0.0005
s4ygap=   24
shtr3x=11.91
shtr3y=4.38
Year=2016
Month= 2
Day= 3
Hours=22
Minutes=54
Seconds=40
kbm1_x= 212.21054
kbm1_y= 110.10992
kbm1_z= 169.51481
kbm1_alpha1=   2.73142
kbm1_alpha2=  -0.13379
kbm1_alpha3=  -0.04117
rc=300.0782
idgap=9.221
Uharmonic=5
en=7.7090
bragg=-14.593
dcmpitch=39.115
dcmfinepitch=0.020527
perp=0.4234
dcmlat=27.995
dcmroll1=75.783
dcmroll2=18.715
T1dcmSi111=108.71
T2dcmSi111=11.70
kmu=    0
s5xgap=    1
s5xtrans=5e-05
s5ygap=1.0002
s5ytrans=-5e-05
s6xgap=    2
s6xtrans=-5e-05
s6ygap=2.0002
s6ytrans=-5e-05
delta=107.05605
eta=46.7950
chi= 90.04888
phi= 6.40033
gam=0.00011
mu= 0.00000
h=4.0000
k=5.0000
l=-1.0000
psi=2.6009e-05
en=7.7090
kphi=63.521
azih=0
azik=0
azil=1
beta=30.9472
delta_axis_offset=  9.2
delta_axis_offset=  9.2
kphi=63.521
x=5766.0000
y=0.0000
z=0.0000
kap=-134.87336
UB11=-0.07006
UB12=0.05634
UB13=-0.01073
UB21=-0.01011
UB22=0.00390
UB23=0.09565
UB31=0.10598
UB32=0.11424
UB33=0.00203
a=9.06064
b=9.06064
c=10.38688
alpha1=90.00000
alpha2=90.00000
alpha3=120.00000
kth=103.91566
Atten=110
Transmission=1.509e-06
diode_gain=0
ic1_gain=4
ic2_gain=4
cryophi=   50
m1pitch=4.0059
m1x=0.4996
m1y=-1.3221
m1roll=-0.076726
m1yaw=0.41342
m1piezo=0.000
m2pitch=4.0059
m2x=12.75
m2y=3.2489
m2roll=0.52553
m2yaw=0.094126
m2bender=  347
m3x=-4.000
m4x=4.000
m3pitch=0.000
m4pitch=-0.001
kbmbaseX1=14.438
kbmbaseX2=12.103
kbmbaseX3=11.678
kbmbaseY1=-14.104
kbmbaseY2=-12.77
kbmbaseY3=-11.614
en=7.7090
kdelta=107.06
sx=-0.88605
sy=1.5539
sz=9.2901
sperp=1.6430
spara=-0.7073
base_y=19.181
Base_z=0.799
Base_z1=0.799
Base_z2=0.799
Base_z3=0.799
table_horiz=18.791
table_vert=-5.316
stoke=0.002
tthp=56.400
thp=-0.0006
zp=6.029
Tset=28.00
Ta=28.000000
Tb=28.226000
Tc=3.150000
Td=3.150000
m1y_offset=-14.87
m2y_offset=-21.299
base_z_offset=-12.749
ztable_offset=-18.864
m2_coating_offset=   11
idgap_offset=0.52845
x=5766.0000
kgam=0.00011774
pilatus100k_path_template='571489-pilatus100k-files/%05d.tif'
</MetaDataAtStart>
 &END
h	k	l	beamOK	roib1_maxx	roib1_maxy	roib1_maxval	roib1_sum	roib2_maxx	roib2_maxy	roib2_maxval	roib2_sum	kphi	kap	kth	kmu	kdelta	kgam	delta_axis_offset	TimeSec	ic1monitor	rc	count_time	path	maxx	maxy	maxval	sum	roi1_maxx	roi1_maxy	roi1_maxval	roi1_sum	roi2_maxx	roi2_maxy	roi2_maxval	roi2_sum
4.0000	5.0000	-1.0300	1	45	3	1	18.000000	0	2	1	14.000000	63.521	-134.87336	103.77286	0.0000	107.10	0.00011370	9.2000	45397.933	619.989925	300.0180	5.000000	1	229	105	5	491.000000	5	0	2	34.000000	21	33	5	290.000000
4.0000	5.0000	-1.0290	1	40	3	1	19.000000	34	8	1	6.000000	63.521	-134.87336	103.77761	0.0000	107.10	0.00011370	9.2000	45403.820	620.054951	299.9745	5.000000	2	224	105	7	494.000000	3	8	3	35.000000	16	33	7	299.000000
4.0000	5.0000	-1.0280	1	49	1	1	15.000000	3	3	1	10.000000	63.521	-134.87336	103.78236	0.0000	107.10	0.00011370	9.2000	45409.672	619.966418	299.9301	5.000000	3	229	104	5	525.000000	1	3	3	42.000000	21	32	5	332.000000
4.0000	5.0000	-1.0270	1	44	15	1	12.000000	1	0	1	25.000000	63.521	-134.87336	103.78711	0.0000	107.10	0.00010966	9.2000	45415.524	619.923373	299.8942	5.000000	4	226	104	8	513.000000	0	7	4	43.000000	18	32	8	347.000000
4.0000	5.0000	-1.0260	1	38	3	1	29.000000	9	3	1	19.000000	63.521	-134.87336	103.79186	0.0000	107.09	0.00011370	9.2000	45421.416	619.853156	299.8514	5.000000	5	230	104	5	607.000000	1	0	3	50.000000	22	32	5	386.000000
4.0000	5.0000	-1.0250	1	58	2	1	17.000000	29	8	1	16.000000	63.521	-134.87336	103.79661	0.0000	107.09	0.00011370	9.2000	45427.290	619.846745	299.8112	5.000000	6	232	105	6	618.000000	0	5	5	75.000000	24	33	6	411.000000
4.0000	5.0000	-1.0240	1	63	33	2	18.000000	7	0	1	14.000000	63.521	-134.87336	103.80136	0.0000	107.09	0.00010966	9.2000	45433.136	619.815301	299.7703	5.000000	7	228	105	8	650.000000	0	2	3	76.000000	20	33	8	440.000000
4.0000	5.0000	-1.0230	1	22	5	1	28.000000	4	1	1	14.000000	63.521	-134.87336	103.80611	0.0000	107.09	0.00010562	9.2000	45439.005	619.685553	299.7317	5.000000	8	228	105	9	702.000000	0	5	7	99.000000	20	33	9	461.000000
4.0000	5.0000	-1.0220	1	59	15	1	12.000000	49	13	1	10.000000	63.521	-134.87336	103.81087	0.0000	107.09	0.00010966	9.2000	45444.821	619.593662	299.6920	5.000000	9	230	106	9	728.000000	0	3	7	129.000000	22	34	9	539.000000
4.0000	5.0000	-1.0210	1	40	2	1	26.000000	7	12	1	9.000000	63.521	-134.87336	103.81562	0.0000	107.09	0.00010966	9.2000	45450.679	619.530467	299.6543	5.000000	10	228	105	11	816.000000	1	7	6	127.000000	20	33	11	598.000000
4.0000	5.0000	-1.0200	1	64	7	1	13.000000	8	11	1	14.000000	63.521	-134.87336	103.82038	0.0000	107.09	0.00010966	9.2000	45456.437	619.504518	299.6215	5.000000	11	233	106	18	914.000000	0	5	9	170.000000	25	34	18	703.000000
4.0000	5.0000	-1.0190	1	12	2	2	14.000000	0	17	1	12.000000	63.521	-134.87336	103.82513	0.0000	107.08	0.00010562	9.2000	45462.299	619.465441	299.5851	5.000000	12	230	106	18	951.000000	0	5	12	213.000000	22	34	18	744.000000
4.0000	5.0000	-1.0180	1	15	3	1	12.000000	23	0	1	12.000000	63.521	-134.87336	103.82989	0.0000	107.08	0.00010562	9.2000	45468.151	619.394920	299.5492	5.000000	13	233	106	21	1082.000000	2	3	13	326.000000	25	34	21	880.000000
4.0000	5.0000	-1.0170	1	65	8	1	14.000000	36	6	1	12.000000	63.521	-134.87336	103.83465	0.0000	107.08	0.00010562	9.2000	45474.009	619.358590	299.5162	5.000000	14	233	106	26	1188.000000	0	5	25	415.000000	25	34	26	1006.000000
4.0000	5.0000	-1.0160	1	32	3	1	18.000000	28	4	1	9.000000	63.521	-134.87336	103.83941	0.0000	107.08	0.00010562	9.2000	45479.845	619.435828	299.4781	5.000000	15	232	106	36	1373.000000	0	5	31	549.000000	24	34	36	1172.000000
4.0000	5.0000	-1.0150	1	39	0	1	18.000000	32	5	1	22.000000	63.521	-134.87336	103.84416	0.0000	107.08	0.00010562	9.2000	45485.683	619.294785	299.4378	5.000000	16	235	105	36	1599.000000	0	3	36	722.000000	27	33	36	1377.000000
4.0000	5.0000	-1.0140	1	2	11	1	14.000000	41	0	1	15.000000	63.521	-134.87336	103.84892	0.0000	107.08	0.00010562	9.2000	45491.566	619.183661	299.4024	5.000000	17	235	107	62	1971.000000	0	5	62	1093.000000	27	35	62	1777.000000
4.0000	5.0000	-1.0130	1	66	18	1	14.000000	37	0	1	12.000000	63.521	-134.87336	103.85369	0.0000	107.07	0.00010562	9.2000	45497.436	619.114055	299.3671	5.000000	18	236	107	117	2432.000000	1	5	117	1553.000000	28	35	117	2252.000000
4.0000	5.0000	-1.0120	1	14	3	1	13.000000	58	14	1	15.000000	63.521	-134.87336	103.85845	0.0000	107.07	0.00010966	9.2000	45503.337	619.000793	299.3244	5.000000	19	237	107	177	3160.000000	2	5	177	2315.000000	29	35	177	2947.000000
4.0000	5.0000	-1.0110	1	49	1	1	15.000000	41	8	1	16.000000	63.521	-134.87336	103.86321	0.0000	107.07	0.00010562	9.2000	45509.268	618.966601	299.2836	5.000000	20	237	107	393	4325.000000	2	5	393	3548.000000	29	35	393	4119.000000
4.0000	5.0000	-1.0100	1	22	6	1	13.000000	0	1	1	11.000000	63.521	-134.87336	103.86797	0.0000	107.07	0.00010159	9.2000	45514.868	618.882037	299.2473	5.000000	21	237	107	531	5895.000000	2	5	531	5239.000000	29	35	531	5699.000000
4.0000	5.0000	-1.0090	1	60	4	1	23.000000	44	1	1	14.000000	63.521	-134.87336	103.87274	0.0000	107.07	0.00010159	9.2000	45520.697	618.731224	299.2072	5.000000	22	237	106	868	8147.000000	2	4	868	7536.000000	29	34	868	7953.000000
4.0000	5.0000	-1.0080	1	66	2	1	15.000000	29	0	1	20.000000	63.521	-134.87336	103.87750	0.0000	107.07	0.00010159	9.2000	45526.583	618.733056	299.1700	5.000000	23	238	106	1338	11446.000000	3	4	1338	10865.000000	30	34	1338	11230.000000
4.0000	5.0000	-1.0070	1	55	0	1	17.000000	61	1	1	16.000000	63.521	-134.87336	103.88227	0.0000	107.07	0.00010159	9.2000	45532.445	618.649102	299.1334	5.000000	24	238	106	3325	18968.000000	3	4	3325	18389.000000	30	34	3325	18767.000000
4.0000	5.0000	-1.0060	1	1	0	1	21.000000	23	7	1	27.000000	63.521	-134.87336	103.88704	0.0000	107.06	9.7552e-05	9.2000	45538.325	618.582549	299.0874	5.000000	25	239	106	14899	55330.000000	4	4	14899	54644.000000	31	34	14899	55040.000000
4.0000	5.0000	-1.0050	1	47	7	1	35.000000	9	0	1	51.000000	63.521	-134.87336	103.89180	0.0000	107.06	0.00010159	9.2000	45544.160	618.383807	299.0461	5.000000	26	239	106	63821	180106.000000	4	4	63821	179107.000000	31	34	63821	179733.000000
4.0000	5.0000	-1.0040	1	31	8	2	58.000000	10	14	2	115.000000	63.521	-134.87336	103.89657	0.0000	107.06	9.7552e-05	9.2000	45550.017	618.404872	298.9988	5.000000	27	239	106	104150	394638.000000	4	4	104150	393126.000000	31	34	104150	393981.000000
4.0000	5.0000	-1.0030	1	54	15	2	87.000000	15	33	2	167.000000	63.521	-134.87336	103.90134	0.0000	107.06	9.7552e-05	9.2000	45555.880	618.427158	298.9539	5.000000	28	240	106	179732	548226.000000	5	4	179732	546326.000000	32	34	179732	547394.000000
4.0000	5.0000	-1.0020	1	63	13	2	83.000000	11	35	2	168.000000	63.521	-134.87336	103.90611	0.0000	107.06	9.7552e-05	9.2000	45561.728	618.224447	298.9142	5.000000	29	240	106	167092	554812.000000	5	4	167092	552940.000000	32	34	167092	554021.000000
4.0000	5.0000	-1.0010	1	55	31	2	71.000000	19	45	3	140.000000	63.521	-134.87336	103.91088	0.0000	107.06	9.7552e-05	9.2000	45567.644	618.208572	298.8770	5.000000	30	241	106	139916	448162.000000	6	4	139916	446590.000000	33	34	139916	447469.000000
4.0000	5.0000	-1.0000	1	24	0	1	55.000000	31	28	2	104.000000	63.521	-134.87336	103.91565	0.0000	107.06	9.7552e-05	9.2000	45573.549	618.229026	298.8370	5.000000	31	241	106	151188	325401.000000	6	4	151188	324160.000000	33	34	151188	324824.000000
4.0000	5.0000	-0.9990	1	48	5	1	54.000000	53	4	1	57.000000	63.521	-134.87336	103.92043	0.0000	107.05	9.7552e-05	9.2000	45579.407	618.153010	298.7954	5.000000	32	241	106	94178	214676.000000	6	4	94178	213668.000000	33	34	94178	214213.000000
4.0000	5.0000	-0.9980	1	17	1	1	34.000000	46	0	1	42.000000	63.521	-134.87336	103.92520	0.0000	107.05	9.7552e-05	9.2000	45585.262	618.082488	298.7567	5.000000	33	242	106	45102	118928.000000	7	4	45102	118130.000000	34	34	45102	118584.000000
4.0000	5.0000	-0.9970	1	27	7	1	15.000000	8	43	2	25.000000	63.521	-134.87336	103.92997	0.0000	107.05	9.3515e-05	9.2000	45591.093	618.003724	298.7212	5.000000	34	242	106	17125	48563.000000	7	4	17125	47962.000000	34	34	17125	48307.000000
4.0000	5.0000	-0.9960	1	4	17	1	16.000000	49	6	1	22.000000	63.521	-134.87336	103.93475	0.0000	107.05	8.9478e-05	9.2000	45596.972	617.922823	298.6829	5.000000	35	242	106	2764	16729.000000	7	4	2764	16212.000000	34	34	2764	16485.000000
4.0000	5.0000	-0.9950	1	53	1	1	13.000000	42	6	1	20.000000	63.521	-134.87336	103.93952	0.0000	107.05	9.7552e-05	9.2000	45602.813	617.809561	298.6442	5.000000	36	242	106	803	8978.000000	7	4	803	8506.000000	34	34	803	8769.000000
4.0000	5.0000	-0.9940	1	3	0	1	12.000000	32	1	1	12.000000	63.521	-134.87336	103.94430	0.0000	107.05	9.7552e-05	9.2000	45608.662	617.675235	298.6086	5.000000	37	244	106	472	5774.000000	9	4	472	5274.000000	36	34	472	5556.000000
4.0000	5.0000	-0.9930	1	50	3	1	15.000000	22	2	1	14.000000	63.521	-134.87336	103.94908	0.0000	107.05	9.3515e-05	9.2000	45614.517	617.496946	298.5739	5.000000	38	244	106	310	4169.000000	9	4	310	3688.000000	36	34	310	3972.000000
4.0000	5.0000	-0.9920	1	49	0	1	19.000000	49	1	1	9.000000	63.521	-134.87336	103.95386	0.0000	107.04	9.7552e-05	9.2000	45620.109	617.438637	298.5439	5.000000	39	244	106	174	3114.000000	9	4	174	2616.000000	36	34	174	2890.000000
4.0000	5.0000	-0.9910	1	64	22	1	11.000000	54	0	1	17.000000	63.521	-134.87336	103.95864	0.0000	107.04	0.00010159	9.2000	45625.970	617.303089	298.5094	5.000000	40	244	106	112	2375.000000	9	4	112	1916.000000	36	34	112	2198.000000
4.0000	5.0000	-0.9900	1	25	10	1	19.000000	31	6	1	14.000000	63.521	-134.87336	103.96342	0.0000	107.04	9.3515e-05	9.2000	45631.840	617.264318	298.4708	5.000000	41	245	106	78	2001.000000	10	4	78	1485.000000	37	34	78	1802.000000
4.0000	5.0000	-0.9890	1	36	3	1	21.000000	42	0	1	11.000000	63.521	-134.87336	103.96820	0.0000	107.04	9.3515e-05	9.2000	45637.689	617.186775	298.4342	5.000000	42	245	106	63	1614.000000	10	4	63	1157.000000	37	34	63	1423.000000
4.0000	5.0000	-0.9880	1	46	3	1	15.000000	43	0	1	10.000000	63.521	-134.87336	103.97298	0.0000	107.04	9.3515e-05	9.2000	45643.541	616.955061	298.3972	5.000000	43	245	105	42	1336.000000	10	3	42	809.000000	37	33	42	1132.000000
4.0000	5.0000	-0.9870	1	41	2	1	12.000000	5	2	1	14.000000	63.521	-134.87336	103.97776	0.0000	107.04	8.9478e-05	9.2000	45649.404	616.985590	298.3600	5.000000	44	247	106	34	1172.000000	12	4	34	729.000000	39	34	34	999.000000
4.0000	5.0000	-0.9860	1	41	1	1	7.000000	36	3	1	10.000000	63.521	-134.87336	103.98254	0.0000	107.04	9.3515e-05	9.2000	45655.233	616.768836	298.3199	5.000000	45	246	105	28	1067.000000	11	3	28	578.000000	38	33	28	873.000000
4.0000	5.0000	-0.9850	1	19	1	1	16.000000	2	11	1	13.000000	63.521	-134.87336	103.98733	0.0000	107.03	8.9478e-05	9.2000	45661.184	616.741055	298.2792	5.000000	46	246	107	21	1012.000000	11	5	21	509.000000	38	35	21	811.000000
4.0000	5.0000	-0.9840	1	26	7	1	15.000000	57	5	1	13.000000	63.521	-134.87336	103.99211	0.0000	107.03	9.3515e-05	9.2000	45667.041	616.725790	298.2408	5.000000	47	247	106	15	870.000000	12	4	15	386.000000	39	34	15	644.000000
4.0000	5.0000	-0.9830	1	57	13	1	13.000000	26	4	1	14.000000	63.521	-134.87336	103.99690	0.0000	107.03	9.7552e-05	9.2000	45672.440	616.680302	298.2066	5.000000	48	247	106	16	788.000000	12	4	16	314.000000	39	34	16	583.000000
4.0000	5.0000	-0.9820	1	23	29	1	10.000000	46	3	1	17.000000	63.521	-134.87336	104.00169	0.0000	107.03	0.00010159	9.2000	45678.358	616.563377	298.1681	5.000000	49	247	108	12	701.000000	12	6	12	275.000000	39	36	12	514.000000
4.0000	5.0000	-0.9810	1	42	0	1	9.000000	24	14	1	12.000000	63.521	-134.87336	104.00647	0.0000	107.03	9.7552e-05	9.2000	45684.295	616.563072	298.1265	5.000000	50	239	108	16	684.000000	4	6	16	206.000000	31	36	16	491.000000
4.0000	5.0000	-0.9800	1	39	19	1	8.000000	57	7	1	11.000000	63.521	-134.87336	104.01126	0.0000	107.03	9.7552e-05	9.2000	45690.121	616.397911	298.0828	5.000000	51	248	108	9	584.000000	12	4	6	160.000000	40	36	9	387.000000
4.0000	5.0000	-0.9790	1	34	0	1	18.000000	66	1	1	15.000000	63.521	-134.87336	104.01605	0.0000	107.03	9.7552e-05	9.2000	45696.002	616.358224	298.0423	5.000000	52	249	105	8	571.000000	12	6	7	131.000000	41	33	8	368.000000
4.0000	5.0000	-0.9780	1	50	19	1	12.000000	23	12	1	13.000000	63.521	-134.87336	104.02084	0.0000	107.02	9.7552e-05	9.2000	45701.845	616.328611	297.9987	5.000000	53	249	105	6	498.000000	11	3	4	101.000000	41	33	6	317.000000
4.0000	5.0000	-0.9770	1	62	15	1	13.000000	1	1	1	17.000000	63.521	-134.87336	104.02563	0.0000	107.02	0.00010159	9.2000	45731.099	623.644828	301.6405	5.000000	54	249	111	5	506.000000	12	2	4	94.000000	41	39	5	296.000000
4.0000	5.0000	-0.9760	1	8	0	1	8.000000	39	4	1	12.000000	63.521	-134.87336	104.03042	0.0000	107.02	9.7552e-05	9.2000	45737.154	623.589571	301.6038	5.000000	55	248	104	5	472.000000	8	1	3	68.000000	40	32	5	283.000000
4.0000	5.0000	-0.9750	1	1	21	1	13.000000	52	1	1	10.000000	63.521	-134.87336	104.03521	0.0000	107.02	9.7552e-05	9.2000	45743.012	623.456466	301.5651	5.000000	56	250	105	7	420.000000	11	0	3	65.000000	42	33	7	247.000000
4.0000	5.0000	-0.9740	1	35	40	2	10.000000	25	3	1	12.000000	63.521	-134.87336	104.04001	0.0000	107.02	9.7552e-05	9.2000	45748.887	623.274819	301.5306	5.000000	57	249	107	4	368.000000	12	4	2	39.000000	41	35	4	190.000000
4.0000	5.0000	-0.9730	1	60	0	1	16.000000	37	4	1	9.000000	63.521	-134.87336	104.04480	0.0000	107.02	9.7552e-05	9.2000	45754.701	623.134387	301.4962	5.000000	58	251	100	3	393.000000	12	0	2	43.000000	43	28	3	201.000000
4.0000	5.0000	-0.9720	1	0	0	1	13.000000	23	3	1	16.000000	63.521	-134.87336	104.04960	0.0000	107.02	9.7552e-05	9.2000	45760.555	623.263219	301.4605	5.000000	59	251	107	7	415.000000	12	0	2	36.000000	43	35	7	202.000000
4.0000	5.0000	-0.9710	1	63	18	1	10.000000	2	14	1	11.000000	63.521	-134.87336	104.05439	0.0000	107.02	9.3515e-05	9.2000	45766.438	623.094700	301.4269	5.000000	60	251	102	3	366.000000	12	11	2	23.000000	43	30	3	185.000000
4.0000	5.0000	-0.9700	1	12	4	1	13.000000	54	7	1	15.000000	63.521	-134.87336	104.05919	0.0000	107.01	9.3515e-05	9.2000	45772.303	623.057149	301.3866	5.000000	61	246	103	3	333.000000	11	1	3	28.000000	38	31	3	140.000000
